HMMER3/f [3.3 | Nov 2019]
NAME  WIF_hmmsearch_env_coord_msa_muscle
LENG  188
ALPH  amino
RF    no
MM    no
CONS  yes
CS    no
MAP   yes
DATE  Mon Aug  2 13:15:34 2021
NSEQ  51
EFFN  1.011658
CKSUM 2043816004
STATS LOCAL MSV      -11.3641  0.70611
STATS LOCAL VITERBI  -12.5645  0.70611
STATS LOCAL FORWARD   -4.6455  0.70611
HMM          A        C        D        E        F        G        H        I        K        L        M        N        P        Q        R        S        T        V        W        Y   
            m->m     m->i     m->d     i->m     i->i     d->m     d->d
  COMPO   2.02996  4.12499  3.12616  2.74636  3.52563  3.20909  3.84970  2.95704  2.73075  2.66458  3.70850  2.24141  3.59004  3.10768  3.10602  2.69367  2.87853  2.76767  4.92513  3.69925
          2.68618  4.42225  2.77519  2.73123  3.46354  2.40513  3.72494  3.29354  2.67741  2.69355  4.24690  2.90347  2.73739  3.18146  2.89801  2.37887  2.77519  2.98518  4.58477  3.61503
          0.09715  4.18804  2.55869  0.61958  0.77255  0.00000        *
      1   3.25377  4.57643  4.89442  4.32430  2.95099  4.52857  4.84589  1.99482  4.20983  0.99404  2.75482  4.55710  4.72901  4.30547  4.32410  3.86638  3.47640  1.86563  5.18348  4.10495      1 l - - -
          2.68618  4.42225  2.77519  2.73123  3.46354  2.40513  3.72494  3.29354  2.67741  2.69355  4.24690  2.90347  2.73739  3.18146  2.89801  2.37887  2.77519  2.98518  4.58477  3.61503
          0.02454  4.11543  4.83777  0.61958  0.77255  0.52990  0.88834
      2   2.95547  4.03269  4.42717  3.91273  1.73778  3.99208  3.74832  2.80038  3.76029  2.43734  3.14867  3.91248  4.33794  3.87310  3.85253  3.18021  3.18339  2.63143  2.66234  1.79496      2 f - - -
          2.68618  4.42225  2.77519  2.73123  3.46354  2.40513  3.72494  3.29354  2.67741  2.69355  4.24690  2.90347  2.73739  3.18146  2.89801  2.37887  2.77519  2.98518  4.58477  3.61503
          0.02402  4.13671  4.85906  0.61958  0.77255  0.52617  0.89371
      3   3.04089  4.47279  4.87903  4.32270  3.35122  4.48269  4.88023  1.28967  4.20560  1.50703  2.78668  4.53033  4.72941  4.36666  4.34263  3.82758  3.39580  1.76197  5.30242  4.18314      3 i - - -
          2.68618  4.42225  2.77519  2.73123  3.46354  2.40513  3.72494  3.29354  2.67741  2.69355  4.24690  2.90347  2.73739  3.18146  2.89801  2.37887  2.77519  2.98518  4.58477  3.61503
          0.02376  4.14729  4.86964  0.61958  0.77255  0.53454  0.88174
      4   2.43877  5.05844  2.27754  2.26317  4.35678  3.29514  3.49913  3.81545  2.41679  3.34776  4.12534  2.46655  3.80847  2.74978  2.91077  2.16551  2.84020  3.42669  5.52657  3.81019      4 s - - -
          2.68618  4.42225  2.77519  2.73123  3.46354  2.40513  3.72494  3.29354  2.67741  2.69355  4.24690  2.90347  2.73739  3.18146  2.89801  2.37887  2.77519  2.98518  4.58477  3.61503
          0.02376  4.14729  4.86964  0.61958  0.77255  0.53454  0.88174
      5   2.33776  5.01865  2.88761  2.13180  4.32391  2.99823  3.40315  3.77843  2.16648  3.23276  4.07312  2.88626  3.39389  2.58021  2.64196  2.48260  2.85221  3.38837  5.47383  4.09446      5 e - - -
          2.68618  4.42225  2.77519  2.73123  3.46354  2.40513  3.72494  3.29354  2.67741  2.69355  4.24690  2.90347  2.73739  3.18146  2.89801  2.37887  2.77519  2.98518  4.58477  3.61503
          0.02376  4.14729  4.86964  0.61958  0.77255  0.50012  0.93257
      6   2.53754  5.03051  2.70850  2.10857  4.34028  3.31406  3.18306  3.80123  2.18479  3.31993  3.91970  2.87914  3.78977  2.54753  2.66510  2.55319  2.56051  3.27320  5.48416  3.86985      6 e - - -
          2.68618  4.42225  2.77519  2.73123  3.46354  2.40513  3.72494  3.29354  2.67741  2.69355  4.24690  2.90347  2.73739  3.18146  2.89801  2.37887  2.77519  2.98518  4.58477  3.61503
          0.02334  4.16506  4.88740  0.61958  0.77255  0.46862  0.98314
      7   2.64946  5.17979  2.39370  1.72461  4.20086  3.37778  3.51234  3.97266  2.42780  3.47171  4.23677  2.76008  3.68012  2.20041  2.92950  2.65772  2.94094  3.55603  5.62316  4.20870      7 e - - -
          2.68618  4.42225  2.77519  2.73123  3.46354  2.40513  3.72494  3.29354  2.67741  2.69355  4.24690  2.90347  2.73739  3.18146  2.89801  2.37887  2.77519  2.98518  4.58477  3.61503
          0.02280  4.18804  4.91038  0.61958  0.77255  0.48576  0.95510
      8   2.19178  4.17319  3.86452  3.29191  3.31392  3.56898  4.00224  2.42469  3.20494  2.11705  3.01731  3.58600  4.06702  3.46694  3.46335  2.77658  2.66044  1.83886  4.82099  3.61546      8 v - - -
          2.68618  4.42225  2.77519  2.73123  3.46354  2.40513  3.72494  3.29354  2.67741  2.69355  4.24690  2.90347  2.73739  3.18146  2.89801  2.37887  2.77519  2.98518  4.58477  3.61503
          0.02280  4.18804  4.91038  0.61958  0.77255  0.48576  0.95510
      9   2.47997  4.94972  2.88916  2.29066  3.73039  3.41759  3.61085  3.57983  1.96456  3.16234  3.76299  2.72174  3.80899  2.57656  2.62845  2.52410  2.84613  3.30524  5.42205  3.94031      9 k - - -
          2.68618  4.42225  2.77519  2.73123  3.46354  2.40513  3.72494  3.29354  2.67741  2.69355  4.24690  2.90347  2.73739  3.18146  2.89801  2.37887  2.77519  2.98518  4.58477  3.61503
          0.02280  4.18804  4.91038  0.61958  0.77255  0.48576  0.95510
     10   2.63481  5.03982  2.70825  2.33086  4.35246  3.41632  3.59831  3.80750  2.02884  3.25139  3.93746  2.90086  3.70137  2.59112  2.19740  2.43149  2.77542  3.31103  5.48773  4.11042     10 k - - -
          2.68616  4.42226  2.77520  2.73124  3.46355  2.40513  3.72495  3.29355  2.67741  2.69350  4.24690  2.90347  2.73740  3.18147  2.89801  2.37887  2.77517  2.98519  4.58478  3.61504
          0.05493  3.64457  3.60016  0.74363  0.64509  0.48576  0.95510
     11   2.58617  4.14524  3.65962  3.21618  2.73005  3.64145  3.64005  2.26748  3.13150  1.95655  3.25630  3.40943  3.76961  3.28936  3.30173  2.84586  2.75561  2.34021  4.74447  3.18592     15 l - - -
          2.68619  4.42226  2.77520  2.73124  3.46355  2.40514  3.72495  3.29355  2.67742  2.69339  4.24691  2.90348  2.73741  3.18147  2.89802  2.37888  2.77520  2.98519  4.58478  3.61504
          0.09935  2.56064  4.05604  0.40572  1.09810  0.51043  0.91688
     12   2.58561  4.09426  4.13778  3.37390  2.63564  3.74950  4.04997  2.30508  3.42186  1.63641  2.84488  3.74466  4.10932  3.63103  3.46842  3.03958  2.86612  2.23805  4.69444  3.17924     17 l - - -
          2.68618  4.42225  2.77519  2.73123  3.46354  2.40513  3.72494  3.29354  2.67741  2.69355  4.24690  2.90347  2.73739  3.18146  2.89801  2.37887  2.77519  2.98518  4.58477  3.61503
          0.02351  4.15804  4.88038  0.61958  0.77255  0.52209  0.89962
     13   2.64126  4.49992  2.61210  2.39519  4.26111  1.95522  3.66809  3.69956  2.31441  3.26640  4.06383  2.68908  3.67895  2.80608  2.86598  2.64868  2.89329  3.33141  5.47201  4.11121     18 g - - -
          2.68620  4.42230  2.77512  2.73120  3.46353  2.40513  3.72491  3.29359  2.67746  2.69344  4.24655  2.90340  2.73745  3.18147  2.89798  2.37890  2.77525  2.98524  4.58482  3.61508
          0.20647  1.72060  4.88038  0.64381  0.74505  0.50175  0.93006
     14   2.46556  4.07507  3.83508  3.50684  2.52308  3.72040  4.02646  2.15369  3.38490  1.93804  3.17902  3.70859  4.08711  3.60232  3.56027  2.93757  2.77746  2.03670  4.69557  3.30072     21 l - - -
          2.68615  4.42226  2.77517  2.73124  3.46354  2.40513  3.72495  3.29354  2.67739  2.69355  4.24690  2.90347  2.73740  3.18147  2.89801  2.37887  2.77520  2.98519  4.58477  3.61504
          0.06043  2.97342  4.89074  0.47461  0.97320  0.47101  0.97916
     15   2.58725  5.07675  2.65154  2.11585  4.39913  3.16373  3.58900  3.74341  2.19879  3.30197  4.12412  2.49559  3.58061  2.58624  2.73752  2.40187  2.80006  3.45528  5.52255  3.89175     23 e - - -
          2.68618  4.42225  2.77519  2.73123  3.46354  2.40513  3.72494  3.29354  2.67741  2.69355  4.24690  2.90347  2.73739  3.18146  2.89801  2.37887  2.77519  2.98518  4.58477  3.61503
          0.02280  4.18804  4.91038  0.61958  0.77255  0.48576  0.95510
     16   2.27192  4.71767  2.93884  2.40267  3.68626  2.64142  3.57523  3.33613  2.49853  2.81102  3.67590  2.89304  3.84792  2.84293  2.95009  2.52621  2.69104  2.91345  5.23893  3.80432     24 a - - -
          2.68618  4.42225  2.77519  2.73123  3.46354  2.40513  3.72494  3.29354  2.67741  2.69355  4.24690  2.90347  2.73739  3.18146  2.89801  2.37887  2.77519  2.98518  4.58477  3.61503
          0.02280  4.18804  4.91038  0.61958  0.77255  0.48576  0.95510
     17   2.68248  5.17378  2.11752  1.88245  4.49794  3.37977  3.62487  3.97868  2.30256  3.46908  4.22594  2.61357  3.52906  2.68778  2.73985  2.60040  2.86652  3.55430  5.61277  3.99118     25 e - - -
          2.68618  4.42225  2.77519  2.73123  3.46354  2.40513  3.72494  3.29354  2.67741  2.69355  4.24690  2.90347  2.73739  3.18146  2.89801  2.37887  2.77519  2.98518  4.58477  3.61503
          0.02280  4.18804  4.91038  0.61958  0.77255  0.48576  0.95510
     18   2.89332  4.28850  4.52173  3.93565  2.83998  4.06677  4.02285  1.79421  3.79560  1.34285  2.94923  4.10348  4.37777  3.95531  3.91618  3.37512  3.12165  2.06852  4.87711  3.71397     26 l - - -
          2.68618  4.42225  2.77519  2.73123  3.46354  2.40513  3.72494  3.29354  2.67741  2.69355  4.24690  2.90347  2.73739  3.18146  2.89801  2.37887  2.77519  2.98518  4.58477  3.61503
          0.03557  4.18804  3.92373  0.61958  0.77255  0.48576  0.95510
     19   2.68551  4.30105  3.69927  3.14824  2.39733  3.68115  3.82856  2.78614  2.90132  2.43403  3.41491  3.23569  3.85497  3.34986  3.35803  2.88304  2.91809  2.53238  4.59066  1.92753     27 y - - -
          2.68618  4.42225  2.77519  2.73123  3.46354  2.40513  3.72494  3.29354  2.67741  2.69355  4.24690  2.90347  2.73739  3.18146  2.89801  2.37887  2.77519  2.98518  4.58477  3.61503
          0.02309  4.17556  4.89791  0.61958  0.77255  0.50117  0.93096
     20   2.70605  4.18286  4.37520  3.79103  2.66762  3.91165  4.16927  1.95430  3.64954  1.78337  3.02460  3.93878  4.25096  3.82322  3.77485  3.21356  2.99853  2.19258  4.69829  2.26095     28 l - - -
          2.68618  4.42225  2.77519  2.73123  3.46354  2.40513  3.72494  3.29354  2.67741  2.69355  4.24690  2.90347  2.73739  3.18146  2.89801  2.37887  2.77519  2.98518  4.58477  3.61503
          0.02309  4.17556  4.89791  0.61958  0.77255  0.47625  0.97050
     21   3.22444  4.49670  5.06357  4.57842  3.71580  4.65326  5.28238  1.15881  4.47736  2.19280  3.49929  4.77025  4.94115  4.73231  4.65837  4.05762  3.48988  1.10665  5.72810  4.52231     29 v - - -
          2.68618  4.42225  2.77519  2.73123  3.46354  2.40513  3.72494  3.29354  2.67741  2.69355  4.24690  2.90347  2.73739  3.18146  2.89801  2.37887  2.77519  2.98518  4.58477  3.61503
          0.02280  4.18804  4.91038  0.61958  0.77255  0.48576  0.95510
     22   2.73335  5.14218  2.87697  2.19374  4.48925  3.46391  3.29595  3.93471  2.09994  3.42002  4.19521  2.87938  3.86208  2.50577  1.84249  2.59658  2.95401  3.53685  5.54584  4.19366     30 r - - -
          2.68618  4.42225  2.77519  2.73123  3.46354  2.40513  3.72494  3.29354  2.67741  2.69355  4.24690  2.90347  2.73739  3.18146  2.89801  2.37887  2.77519  2.98518  4.58477  3.61503
          0.02280  4.18804  4.91038  0.61958  0.77255  0.48576  0.95510
     23   2.57016  5.18633  2.02920  2.10652  4.50237  3.17736  3.64378  3.98120  2.32868  3.47959  3.99341  2.24062  3.82286  2.70373  2.94046  2.61557  2.94471  3.56314  5.63137  4.21474     31 d - - -
          2.68618  4.42225  2.77519  2.73123  3.46354  2.40513  3.72494  3.29354  2.67741  2.69355  4.24690  2.90347  2.73739  3.18146  2.89801  2.37887  2.77519  2.98518  4.58477  3.61503
          0.02280  4.18804  4.91038  0.61958  0.77255  0.48576  0.95510
     24   2.63354  4.73225  2.43698  2.60990  4.60019  1.11887  4.08051  4.08326  3.08558  3.70066  4.53946  3.06352  3.87671  3.29326  3.55030  2.46584  3.05350  3.57793  5.88038  4.53607     32 g - - -
          2.68618  4.42225  2.77519  2.73123  3.46354  2.40513  3.72494  3.29354  2.67741  2.69355  4.24690  2.90347  2.73739  3.18146  2.89801  2.37887  2.77519  2.98518  4.58477  3.61503
          0.02280  4.18804  4.91038  0.61958  0.77255  0.48576  0.95510
     25   2.48037  4.89244  2.96941  2.18557  4.15475  3.42780  3.38250  3.20982  2.19949  3.03878  3.95643  2.77726  3.81848  2.67017  2.69311  2.59135  2.56957  3.06381  5.37707  3.87382     33 e - - -
          2.68618  4.42225  2.77519  2.73123  3.46354  2.40513  3.72494  3.29354  2.67741  2.69355  4.24690  2.90347  2.73739  3.18146  2.89801  2.37887  2.77519  2.98518  4.58477  3.61503
          0.02280  4.18804  4.91038  0.61958  0.77255  0.48576  0.95510
     26   2.55679  4.25899  3.59311  2.89949  3.38948  3.61038  3.87439  2.19855  2.86797  2.42228  3.25662  3.39548  3.19479  3.16541  3.18174  2.86605  2.78010  1.98218  4.85407  3.63196     34 v - - -
          2.68618  4.42225  2.77519  2.73123  3.46354  2.40513  3.72494  3.29354  2.67741  2.69355  4.24690  2.90347  2.73739  3.18146  2.89801  2.37887  2.77519  2.98518  4.58477  3.61503
          0.02280  4.18804  4.91038  0.61958  0.77255  0.48576  0.95510
     27   2.30781  4.91936  2.88568  2.39809  4.19954  3.41623  3.62585  3.63520  2.28032  3.20186  3.86074  2.35101  3.67879  2.60814  2.87107  2.30734  2.75637  3.08145  5.40923  4.05000     35 k - - -
          2.68618  4.42225  2.77519  2.73123  3.46354  2.40513  3.72494  3.29354  2.67741  2.69355  4.24690  2.90347  2.73739  3.18146  2.89801  2.37887  2.77519  2.98518  4.58477  3.61503
          0.02280  4.18804  4.91038  0.61958  0.77255  0.48576  0.95510
     28   2.50492  4.97162  2.78012  2.23769  4.25902  3.41091  3.51609  3.61563  2.25611  3.19785  4.02833  2.65282  2.87415  2.72512  2.76475  2.49718  2.60733  3.22746  4.93276  4.06775     36 e - - -
          2.68618  4.42225  2.77519  2.73123  3.46354  2.40513  3.72494  3.29354  2.67741  2.69355  4.24690  2.90347  2.73739  3.18146  2.89801  2.37887  2.77519  2.98518  4.58477  3.61503
          0.02280  4.18804  4.91038  0.61958  0.77255  0.48576  0.95510
     29   2.55724  4.24651  3.48800  3.02427  3.03224  3.60499  3.65915  2.59820  2.96546  2.28352  2.89412  2.72576  3.79998  3.25250  3.28615  2.80357  2.82710  2.41077  4.83347  2.76112     37 l - - -
          2.68618  4.42225  2.77519  2.73123  3.46354  2.40513  3.72494  3.29354  2.67741  2.69355  4.24690  2.90347  2.73739  3.18146  2.89801  2.37887  2.77519  2.98518  4.58477  3.61503
          0.02280  4.18804  4.91038  0.61958  0.77255  0.48576  0.95510
     30   1.95024  4.19578  3.92433  3.35384  3.12267  3.72913  4.05687  2.32442  3.26582  1.86673  3.29260  3.64222  4.10965  3.52421  3.51917  2.85114  2.81961  2.10340  4.85649  3.65294     38 l - - -
          2.68618  4.42225  2.77519  2.73123  3.46354  2.40513  3.72494  3.29354  2.67741  2.69355  4.24690  2.90347  2.73739  3.18146  2.89801  2.37887  2.77519  2.98518  4.58477  3.61503
          0.34475  4.18804  1.28582  0.61958  0.77255  0.48576  0.95510
     31   2.57126  4.81733  3.02965  2.45254  4.08569  3.42488  3.31125  3.49189  2.05236  2.92187  3.74579  2.87572  3.80806  2.38002  2.40919  2.65713  2.84873  3.08205  5.27428  3.97136     39 k - - -
          2.68615  4.42226  2.77520  2.73124  3.46355  2.40513  3.72495  3.29355  2.67742  2.69349  4.24690  2.90343  2.73740  3.18147  2.89801  2.37888  2.77520  2.98519  4.58478  3.61504
          0.06726  2.90107  4.59697  0.63684  0.75282  0.70611  0.68035
     32   2.60077  4.98571  2.45134  2.24191  4.28159  3.33434  3.56448  3.73400  2.23426  3.26821  3.87577  2.48479  3.75557  2.53488  2.74936  2.45554  2.70800  3.35133  5.44692  4.06531     42 k - - -
          2.68618  4.42225  2.77519  2.73123  3.46354  2.40513  3.72494  3.29354  2.67741  2.69355  4.24690  2.90347  2.73739  3.18146  2.89801  2.37887  2.77519  2.98518  4.58477  3.61503
          0.02985  3.92219  4.64454  0.61958  0.77255  0.74215  0.64643
     33   2.48561  4.40935  3.19216  2.67590  3.51974  3.33970  3.74600  2.98313  2.63995  2.70553  3.64784  3.01637  2.38511  2.98456  3.03370  2.45762  2.57300  2.79260  5.09395  3.81715     43 p - - -
          2.68618  4.42225  2.77519  2.73123  3.46354  2.40513  3.72494  3.29354  2.67741  2.69355  4.24690  2.90347  2.73739  3.18146  2.89801  2.37887  2.77519  2.98518  4.58477  3.61503
          0.06053  3.92219  3.24578  0.61958  0.77255  0.74215  0.64643
     34   2.48253  4.82051  2.76604  2.28431  4.07905  3.27705  3.46111  3.36148  2.31095  2.97457  3.88915  2.67351  3.76006  2.66428  2.63977  2.50102  2.64977  3.16454  5.30846  3.96130     44 e - - -
          2.68618  4.42225  2.77519  2.73123  3.46354  2.40513  3.72494  3.29354  2.67741  2.69355  4.24690  2.90347  2.73739  3.18146  2.89801  2.37887  2.77519  2.98518  4.58477  3.61503
          0.04416  3.89243  3.78102  0.61958  0.77255  0.74339  0.64531
     35   2.33119  4.19152  3.50551  2.93748  2.99445  3.53028  3.62521  2.61183  2.79604  2.14182  3.29606  3.31225  3.90964  3.16803  3.19293  2.67726  2.71136  2.36708  4.77336  3.41983     45 l - - -
          2.68615  4.42229  2.77520  2.73124  3.46319  2.40515  3.72499  3.29358  2.67745  2.69350  4.24694  2.90347  2.73744  3.18145  2.89797  2.37886  2.77524  2.98523  4.58459  3.61507
          0.24798  1.56194  4.61543  0.58739  0.81142  0.34466  1.23257
     36   2.52128  4.49173  3.10664  2.60970  3.65781  3.43112  3.63097  2.89246  2.66700  2.41878  3.47926  3.08724  3.90171  2.92252  2.88441  2.60315  2.52571  2.47206  5.04910  3.21003     51 l - - -
          2.68618  4.42225  2.77519  2.73123  3.46354  2.40513  3.72494  3.29354  2.67741  2.69355  4.24690  2.90347  2.73739  3.18146  2.89801  2.37887  2.77519  2.98518  4.58477  3.61503
          0.02280  4.18804  4.91038  0.61958  0.77255  0.48576  0.95510
     37   2.53483  5.05718  2.78417  2.31092  4.18282  3.12453  3.49393  3.83633  2.16562  3.27906  4.10724  2.33904  3.79736  2.50617  2.60230  2.42241  2.85560  3.43197  5.50662  4.11637     52 k - - -
          2.68618  4.42225  2.77519  2.73123  3.46354  2.40513  3.72494  3.29354  2.67741  2.69355  4.24690  2.90347  2.73739  3.18146  2.89801  2.37887  2.77519  2.98518  4.58477  3.61503
          0.02280  4.18804  4.91038  0.61958  0.77255  0.48576  0.95510
     38   2.59429  4.19568  3.56773  3.12429  2.24807  3.51252  3.75817  2.62685  2.97865  2.21265  3.18401  3.46097  4.00265  3.23603  3.23461  2.77342  2.71190  2.42458  4.78765  2.97129     53 l - - -
          2.68618  4.42225  2.77519  2.73123  3.46354  2.40513  3.72494  3.29354  2.67741  2.69355  4.24690  2.90347  2.73739  3.18146  2.89801  2.37887  2.77519  2.98518  4.58477  3.61503
          0.02280  4.18804  4.91038  0.61958  0.77255  0.48576  0.95510
     39   2.51904  4.23537  3.61280  2.97466  3.18662  3.60818  3.70934  2.50340  2.92167  2.11988  2.91612  3.01250  3.65065  3.26520  3.12967  2.76015  2.67745  2.36693  4.51467  3.49326     54 l - - -
          2.68620  4.42227  2.77511  2.73125  3.46356  2.40515  3.72496  3.29350  2.67743  2.69357  4.24692  2.90349  2.73742  3.18143  2.89795  2.37886  2.77515  2.98520  4.58479  3.61505
          0.04617  3.61966  3.99942  1.04394  0.43396  0.48576  0.95510
     40   2.39548  4.20842  3.68099  3.10843  3.23903  3.62720  3.90287  2.49262  3.03987  2.15500  2.92482  3.45300  2.68496  3.31711  3.33790  2.77911  2.66512  2.35096  4.80963  3.46453     65 l - - -
          2.68618  4.42225  2.77519  2.73123  3.46354  2.40513  3.72494  3.29354  2.67741  2.69355  4.24690  2.90347  2.73739  3.18146  2.89801  2.37887  2.77519  2.98518  4.58477  3.61503
          0.02306  4.17702  4.89936  0.61958  0.77255  0.47734  0.96873
     41   2.44872  4.56358  3.19504  2.63395  3.74740  3.49876  3.58457  2.93683  2.60112  2.75361  3.54238  3.02136  2.47944  2.83280  2.85035  2.72132  2.63638  2.59433  5.11229  3.83222     66 a - - -
          2.68618  4.42225  2.77519  2.73123  3.46354  2.40513  3.72494  3.29354  2.67741  2.69355  4.24690  2.90347  2.73739  3.18146  2.89801  2.37887  2.77519  2.98518  4.58477  3.61503
          0.02280  4.18804  4.91038  0.61958  0.77255  0.48576  0.95510
     42   3.25054  4.51661  5.08198  4.55643  3.53606  4.67570  5.16907  1.22794  4.45023  1.64050  3.32123  4.75546  4.90986  4.63761  4.59629  4.05235  3.49632  1.36517  5.55183  4.40162     67 i - - -
          2.68618  4.42225  2.77519  2.73123  3.46354  2.40513  3.72494  3.29354  2.67741  2.69355  4.24690  2.90347  2.73739  3.18146  2.89801  2.37887  2.77519  2.98518  4.58477  3.61503
          0.02280  4.18804  4.91038  0.61958  0.77255  0.48576  0.95510
     43   2.54778  4.98201  2.81912  2.30032  4.26975  3.41369  3.53574  3.71483  2.34366  3.26140  3.86473  2.81040  2.39024  2.46406  2.75162  2.49800  2.86102  3.27135  5.45029  4.07997     68 e - - -
          2.68618  4.42225  2.77519  2.73123  3.46354  2.40513  3.72494  3.29354  2.67741  2.69355  4.24690  2.90347  2.73739  3.18146  2.89801  2.37887  2.77519  2.98518  4.58477  3.61503
          0.02280  4.18804  4.91038  0.61958  0.77255  0.48576  0.95510
     44   2.21753  4.66396  3.10546  2.51148  3.75510  3.36931  3.60663  3.28020  2.50207  2.92290  3.64095  3.04680  2.71389  2.87825  2.90965  2.37136  2.65112  2.86138  5.20799  3.90497     69 a - - -
          2.68618  4.42225  2.77519  2.73123  3.46354  2.40513  3.72494  3.29354  2.67741  2.69355  4.24690  2.90347  2.73739  3.18146  2.89801  2.37887  2.77519  2.98518  4.58477  3.61503
          0.02280  4.18804  4.91038  0.61958  0.77255  0.48576  0.95510
     45   2.59478  5.09483  2.51393  2.10612  4.41589  3.23368  3.59876  3.88766  2.30657  3.38958  4.14403  2.49006  3.79703  2.61585  2.69334  2.35734  2.63330  3.47293  5.54059  3.88955     70 e - - -
          2.68618  4.42225  2.77519  2.73123  3.46354  2.40513  3.72494  3.29354  2.67741  2.69355  4.24690  2.90347  2.73739  3.18146  2.89801  2.37887  2.77519  2.98518  4.58477  3.61503
          0.02280  4.18804  4.91038  0.61958  0.77255  0.48576  0.95510
     46   2.57276  4.13216  3.94674  3.23706  3.24858  3.70498  3.79815  1.95378  3.25889  2.21057  3.24528  3.63110  4.07588  3.51232  3.48357  2.90934  2.74435  1.76764  4.75941  3.43187     71 v - - -
          2.68618  4.42225  2.77519  2.73123  3.46354  2.40513  3.72494  3.29354  2.67741  2.69355  4.24690  2.90347  2.73739  3.18146  2.89801  2.37887  2.77519  2.98518  4.58477  3.61503
          0.02280  4.18804  4.91038  0.61958  0.77255  0.48576  0.95510
     47   2.64177  5.12002  2.38213  2.19868  4.44835  3.38980  3.37950  3.92476  2.15310  3.41689  4.16751  2.40861  3.79790  2.58579  2.73967  2.43057  2.77110  3.50213  5.55963  3.96421     72 k - - -
          2.68618  4.42225  2.77519  2.73123  3.46354  2.40513  3.72494  3.29354  2.67741  2.69355  4.24690  2.90347  2.73739  3.18146  2.89801  2.37887  2.77519  2.98518  4.58477  3.61503
          0.02280  4.18804  4.91038  0.61958  0.77255  0.48576  0.95510
     48   2.61006  3.74877  2.61064  2.21396  3.99434  3.34272  3.52159  3.47920  2.22591  3.08838  3.82007  2.93828  3.81640  2.67740  2.77990  2.50563  2.67056  3.22870  5.37208  3.51619     73 e - - -
          2.68618  4.42225  2.77519  2.73123  3.46354  2.40513  3.72494  3.29354  2.67741  2.69355  4.24690  2.90347  2.73739  3.18146  2.89801  2.37887  2.77519  2.98518  4.58477  3.61503
          0.02280  4.18804  4.91038  0.61958  0.77255  0.48576  0.95510
     49   3.24981  4.54480  5.01218  4.45226  3.30742  4.58538  4.96887  1.69241  4.33370  1.20635  2.76390  4.65152  4.80062  4.44999  4.44059  3.93598  3.48054  1.57064  5.31543  4.22567     74 l - - -
          2.68618  4.42225  2.77519  2.73123  3.46354  2.40513  3.72494  3.29354  2.67741  2.69355  4.24690  2.90347  2.73739  3.18146  2.89801  2.37887  2.77519  2.98518  4.58477  3.61503
          0.02280  4.18804  4.91038  0.61958  0.77255  0.48576  0.95510
     50   2.61519  4.99442  2.91887  2.22614  4.11168  3.26667  3.51166  3.63644  2.18511  3.15337  4.04885  2.58343  3.64057  2.49345  2.54381  2.53391  2.70392  3.27907  5.45703  3.74458     75 k - - -
          2.68618  4.42225  2.77519  2.73123  3.46354  2.40513  3.72494  3.29354  2.67741  2.69355  4.24690  2.90347  2.73739  3.18146  2.89801  2.37887  2.77519  2.98518  4.58477  3.61503
          0.02280  4.18804  4.91038  0.61958  0.77255  0.48576  0.95510
     51   3.13480  4.49126  4.70676  4.15870  1.58437  4.27563  4.26881  2.12771  4.01174  1.44145  3.10007  4.25944  4.55131  4.10933  4.10015  3.59727  3.35763  2.47113  4.58268  2.91511     76 l - - -
          2.68618  4.42225  2.77519  2.73123  3.46354  2.40513  3.72494  3.29354  2.67741  2.69355  4.24690  2.90347  2.73739  3.18146  2.89801  2.37887  2.77519  2.98518  4.58477  3.61503
          0.02280  4.18804  4.91038  0.61958  0.77255  0.48576  0.95510
     52   2.61831  4.71766  3.08697  2.52676  3.93693  3.46791  3.67540  3.21001  2.28555  2.90007  3.68930  2.91193  3.85732  2.69961  2.83427  2.44617  2.08118  2.87150  5.23846  3.92975     77 t - - -
          2.68618  4.42225  2.77519  2.73123  3.46354  2.40513  3.72494  3.29354  2.67741  2.69355  4.24690  2.90347  2.73739  3.18146  2.89801  2.37887  2.77519  2.98518  4.58477  3.61503
          0.02280  4.18804  4.91038  0.61958  0.77255  0.48576  0.95510
     53   3.51256  4.81341  4.71008  4.31034  1.74038  4.39210  3.70375  2.95591  4.12031  2.45658  3.72131  4.16855  4.70348  4.16416  4.18029  3.74409  3.73936  3.07448  1.24747  2.18284     78 w - - -
          2.68618  4.42225  2.77519  2.73123  3.46354  2.40513  3.72494  3.29354  2.67741  2.69355  4.24690  2.90347  2.73739  3.18146  2.89801  2.37887  2.77519  2.98518  4.58477  3.61503
          0.22610  4.18804  1.67565  0.61958  0.77255  0.48576  0.95510
     54   2.54321  4.74661  2.99307  2.33932  3.48453  3.41225  3.60834  3.38902  2.23940  2.93047  3.82078  2.84417  3.80232  2.33361  2.72812  2.62680  2.81338  3.07646  5.24415  3.39919     79 k - - -
          2.68632  4.42239  2.77530  2.73134  3.46343  2.40522  3.72491  3.29352  2.67737  2.69340  4.24704  2.90338  2.73736  3.18141  2.89788  2.37879  2.77520  2.98516  4.58491  3.61517
          0.24735  1.55995  4.71216  1.33564  0.30515  0.37698  1.15814
     55   2.29412  4.82628  3.00001  2.38200  3.73197  3.43812  3.54589  3.48799  2.36956  2.88531  3.89616  2.65854  3.70980  2.62398  2.80091  2.23709  2.84296  3.10082  5.32540  3.85725     96 s - - -
          2.68618  4.42225  2.77519  2.73123  3.46354  2.40513  3.72494  3.29354  2.67741  2.69355  4.24690  2.90347  2.73739  3.18146  2.89801  2.37887  2.77519  2.98518  4.58477  3.61503
          0.02280  4.18804  4.91038  0.61958  0.77255  0.48576  0.95510
     56   2.27954  4.78714  3.02075  2.40295  3.86083  3.10698  3.43865  3.34840  2.36412  2.93742  3.86319  2.88969  3.42072  2.80694  2.91754  2.24293  2.66881  3.05981  5.29713  3.96724     97 s - - -
          2.68618  4.42225  2.77519  2.73123  3.46354  2.40513  3.72494  3.29354  2.67741  2.69355  4.24690  2.90347  2.73739  3.18146  2.89801  2.37887  2.77519  2.98518  4.58477  3.61503
          0.02280  4.18804  4.91038  0.61958  0.77255  0.48576  0.95510
     57   2.53440  5.00453  2.67126  2.32895  4.30299  3.11864  3.50607  3.64025  2.24710  3.22165  4.05948  2.69317  2.80671  2.71621  2.71278  2.50634  2.66226  3.27955  5.46726  4.08697     98 k - - -
          2.68618  4.42225  2.77519  2.73123  3.46354  2.40513  3.72494  3.29354  2.67741  2.69355  4.24690  2.90347  2.73739  3.18146  2.89801  2.37887  2.77519  2.98518  4.58477  3.61503
          0.03557  4.18804  3.92373  0.61958  0.77255  0.48576  0.95510
     58   2.53349  4.87543  2.86654  2.34845  3.98927  3.04064  3.42944  3.36104  2.29967  2.95423  3.48284  2.88310  3.72178  2.45415  2.71326  2.50164  2.79444  3.21834  5.36398  3.73770     99 k - - -
          2.68615  4.42226  2.77520  2.73124  3.46355  2.40514  3.72495  3.29355  2.67739  2.69356  4.24691  2.90348  2.73738  3.18143  2.89798  2.37888  2.77520  2.98519  4.58478  3.61504
          0.06031  2.97465  4.89791  0.57868  0.82243  0.47625  0.97050
     59   2.54714  4.88992  2.92686  2.30800  4.15171  3.14132  3.62413  3.38773  2.18190  3.09444  3.71775  2.93833  3.15311  2.71863  2.55720  2.55554  2.65702  2.99928  5.37587  4.02332    102 k - - -
          2.68618  4.42225  2.77519  2.73123  3.46354  2.40513  3.72494  3.29354  2.67741  2.69355  4.24690  2.90347  2.73739  3.18146  2.89801  2.37887  2.77519  2.98518  4.58477  3.61503
          0.02280  4.18804  4.91038  0.61958  0.77255  0.48576  0.95510
     60   2.59498  4.08471  4.00888  3.31728  2.96515  3.68994  3.98885  2.41414  3.31128  2.06993  2.85625  3.48487  4.05980  3.53972  3.50781  2.80713  2.67188  1.96115  4.69497  2.76071    103 v - - -
          2.68618  4.42225  2.77519  2.73123  3.46354  2.40513  3.72494  3.29354  2.67741  2.69355  4.24690  2.90347  2.73739  3.18146  2.89801  2.37887  2.77519  2.98518  4.58477  3.61503
          0.02262  4.19621  4.91855  0.61958  0.77255  0.48576  0.95510
     61   2.56020  4.60582  3.15527  2.52506  3.20188  3.30311  3.01955  3.11794  2.52293  2.69916  3.69197  3.08318  3.54813  2.70992  2.89592  2.59847  2.66246  2.85512  5.14530  3.14236    104 k - - -
          2.68618  4.42225  2.77519  2.73123  3.46354  2.40513  3.72494  3.29354  2.67741  2.69355  4.24690  2.90347  2.73739  3.18146  2.89801  2.37887  2.77519  2.98518  4.58477  3.61503
          0.02262  4.19621  4.91855  0.61958  0.77255  0.48576  0.95510
     62   3.61704  5.00515  4.35662  4.06697  2.23541  4.28303  3.69038  3.44223  3.84469  2.66157  4.10285  4.05401  4.68564  4.07005  3.97489  3.73331  3.87945  3.34741  3.90529  0.71601    105 y - - -
          2.68618  4.42225  2.77519  2.73123  3.46354  2.40513  3.72494  3.29354  2.67741  2.69355  4.24690  2.90347  2.73739  3.18146  2.89801  2.37887  2.77519  2.98518  4.58477  3.61503
          0.02262  4.19621  4.91855  0.61958  0.77255  0.48576  0.95510
     63   2.48046  4.80615  2.89503  2.35126  4.04312  3.44415  3.64912  3.45848  2.36022  2.93262  3.87829  2.93541  3.83480  2.70800  2.86613  2.07077  2.55789  3.02814  4.32305  3.97729    106 s - - -
          2.68618  4.42225  2.77519  2.73123  3.46354  2.40513  3.72494  3.29354  2.67741  2.69355  4.24690  2.90347  2.73739  3.18146  2.89801  2.37887  2.77519  2.98518  4.58477  3.61503
          0.02262  4.19621  4.91855  0.61958  0.77255  0.48576  0.95510
     64   2.89404  4.26333  4.58206  3.99941  2.40314  4.06507  4.36841  2.01618  3.85003  1.36581  2.49735  4.13297  4.36657  3.98310  3.93811  3.38313  3.11998  2.18601  4.83173  3.70711    107 l - - -
          2.68618  4.42225  2.77519  2.73123  3.46354  2.40513  3.72494  3.29354  2.67741  2.69355  4.24690  2.90347  2.73739  3.18146  2.89801  2.37887  2.77519  2.98518  4.58477  3.61503
          0.02262  4.19621  4.91855  0.61958  0.77255  0.48576  0.95510
     65   2.58326  5.01696  2.66419  2.27196  4.31907  3.25354  3.31595  3.77563  2.24634  3.15302  3.91601  2.62736  3.79904  2.67592  2.74035  2.21739  2.73404  3.30502  5.47596  3.78557    108 s - - -
          2.68618  4.42225  2.77519  2.73123  3.46354  2.40513  3.72494  3.29354  2.67741  2.69355  4.24690  2.90347  2.73739  3.18146  2.89801  2.37887  2.77519  2.98518  4.58477  3.61503
          0.02262  4.19621  4.91855  0.61958  0.77255  0.48576  0.95510
     66   2.48654  4.15584  3.42314  3.06607  2.65661  3.64997  3.76942  2.35683  3.13770  2.06651  3.05313  3.52504  4.02332  3.39765  3.30935  2.84714  2.82702  2.12903  4.75817  3.55207    109 l - - -
          2.68618  4.42229  2.77519  2.73127  3.46357  2.40514  3.72498  3.29358  2.67741  2.69351  4.24693  2.90346  2.73739  3.18138  2.89804  2.37885  2.77519  2.98512  4.58480  3.61507
          0.03648  3.55745  4.91855  1.30111  0.31777  0.48576  0.95510
     67   2.53861  4.58198  3.17737  2.36366  3.76535  3.49623  3.61031  3.04641  2.41050  2.43915  3.57135  3.04303  3.88191  2.83682  2.82002  2.62887  2.61549  2.67262  4.39892  3.55154    125 e - - -
          2.68620  4.42227  2.77522  2.73126  3.46356  2.40515  3.72497  3.29348  2.67743  2.69354  4.24692  2.90349  2.73742  3.18134  2.89791  2.37887  2.77518  2.98521  4.58479  3.61497
          0.16808  1.91456  4.91855  0.28753  1.38675  0.48576  0.95510
     68   2.49020  4.39601  3.42767  2.92503  3.89930  3.32019  3.96191  3.21023  2.87876  2.95327  3.59607  3.16190  3.87546  3.21423  3.25017  1.45369  2.43989  2.50864  5.28648  4.03333    127 s - - -
          2.68618  4.42225  2.77519  2.73123  3.46354  2.40513  3.72494  3.29354  2.67741  2.69355  4.24690  2.90347  2.73739  3.18146  2.89801  2.37887  2.77519  2.98518  4.58477  3.61503
          0.02262  4.19621  4.91855  0.61958  0.77255  0.48576  0.95510
     69   2.51454  4.76146  2.86966  2.44958  3.76351  3.27979  3.66434  3.39664  2.44935  2.78155  3.50601  2.82406  3.84378  2.77935  2.93653  1.92871  2.84572  3.08745  5.27689  3.95363    128 s - - -
          2.68618  4.42225  2.77519  2.73123  3.46354  2.40513  3.72494  3.29354  2.67741  2.69355  4.24690  2.90347  2.73739  3.18146  2.89801  2.37887  2.77519  2.98518  4.58477  3.61503
          0.02262  4.19621  4.91855  0.61958  0.77255  0.48576  0.95510
     70   2.78690  5.26304  1.78905  2.27264  4.57980  3.36190  3.70714  4.06100  2.48421  3.56650  4.35209  2.00167  3.85902  2.76712  2.98120  2.56400  2.77838  3.64687  5.72726  4.29896    129 d - - -
          2.68618  4.42225  2.77519  2.73123  3.46354  2.40513  3.72494  3.29354  2.67741  2.69355  4.24690  2.90347  2.73739  3.18146  2.89801  2.37887  2.77519  2.98518  4.58477  3.61503
          0.02262  4.19621  4.91855  0.61958  0.77255  0.48576  0.95510
     71   2.56059  4.83936  2.99565  2.26171  3.92504  3.34389  3.35200  3.41823  2.39183  2.97512  3.90852  2.96216  2.73144  2.66552  2.84506  2.52071  2.52819  3.05080  5.33660  3.99605    130 e - - -
          2.68618  4.42225  2.77519  2.73123  3.46354  2.40513  3.72494  3.29354  2.67741  2.69355  4.24690  2.90347  2.73739  3.18146  2.89801  2.37887  2.77519  2.98518  4.58477  3.61503
          0.02262  4.19621  4.91855  0.61958  0.77255  0.48576  0.95510
     72   2.62432  5.04915  2.64466  2.15950  4.36108  3.30462  3.40812  3.82312  2.22978  3.16252  4.09989  2.88523  3.79954  2.66408  2.53590  2.22047  2.62333  3.34807  5.50096  4.11250    131 e - - -
          2.68618  4.42225  2.77519  2.73123  3.46354  2.40513  3.72494  3.29354  2.67741  2.69355  4.24690  2.90347  2.73739  3.18146  2.89801  2.37887  2.77519  2.98518  4.58477  3.61503
          0.02262  4.19621  4.91855  0.61958  0.77255  0.48576  0.95510
     73   2.34411  4.21251  4.22215  3.65178  3.37211  3.91676  4.26684  1.57793  3.54205  2.02618  3.21215  3.64245  4.27608  3.78608  3.75024  3.21663  2.92502  1.81498  4.96602  3.76855    132 i - - -
          2.68618  4.42225  2.77519  2.73123  3.46354  2.40513  3.72494  3.29354  2.67741  2.69355  4.24690  2.90347  2.73739  3.18146  2.89801  2.37887  2.77519  2.98518  4.58477  3.61503
          0.02262  4.19621  4.91855  0.61958  0.77255  0.48576  0.95510
     74   3.07928  4.58869  4.74849  4.17727  3.18814  4.42624  4.74814  2.19362  4.03673  1.24157  1.61522  4.42882  4.66614  4.19036  4.18264  3.75565  3.44401  2.19322  5.17278  4.09037    133 l - - -
          2.68618  4.42225  2.77519  2.73123  3.46354  2.40513  3.72494  3.29354  2.67741  2.69355  4.24690  2.90347  2.73739  3.18146  2.89801  2.37887  2.77519  2.98518  4.58477  3.61503
          0.03611  4.19621  3.89161  0.61958  0.77255  0.48576  0.95510
     75   2.53313  4.88197  2.91898  2.34613  3.97869  3.11043  3.44527  3.57064  2.14548  3.04805  3.83177  2.84162  3.14514  2.75909  2.69885  2.58927  2.78870  3.08252  5.36944  3.36047    134 k - - -
          2.68618  4.42225  2.77519  2.73123  3.46354  2.40513  3.72494  3.29354  2.67741  2.69355  4.24690  2.90347  2.73739  3.18146  2.89801  2.37887  2.77519  2.98518  4.58477  3.61503
          0.03938  4.18302  3.75674  0.61958  0.77255  0.50217  0.92942
     76   2.53886  4.96104  2.61294  2.34355  4.24675  3.40647  3.12266  3.48708  2.26560  3.13290  3.88520  2.75423  3.38470  2.65862  2.72361  2.53031  2.58242  3.18472  5.43084  3.88693    135 k - - -
          2.68618  4.42225  2.77519  2.73123  3.46354  2.40513  3.72494  3.29354  2.67741  2.69355  4.24690  2.90347  2.73739  3.18146  2.89801  2.37887  2.77519  2.98518  4.58477  3.61503
          0.02330  4.16693  4.88928  0.61958  0.77255  0.49500  0.94051
     77   2.71579  4.65955  3.19300  2.94198  4.07849  3.36014  4.08101  3.59664  2.89401  3.02419  4.18948  3.31900  1.09521  3.14634  3.20096  2.84287  3.09792  3.27833  5.47099  4.14752    136 p - - -
          2.68618  4.42225  2.77519  2.73123  3.46354  2.40513  3.72494  3.29354  2.67741  2.69355  4.24690  2.90347  2.73739  3.18146  2.89801  2.37887  2.77519  2.98518  4.58477  3.61503
          0.03707  4.18034  3.85844  0.61958  0.77255  0.47365  0.97478
     78   2.49704  4.55251  3.19592  2.44701  3.60657  3.49931  3.61121  2.98165  2.50962  2.56961  3.64200  3.11256  3.88460  2.84380  2.87976  2.56554  2.40496  2.54683  5.10009  3.52243    137 t - - -
          2.68618  4.42225  2.77519  2.73123  3.46354  2.40513  3.72494  3.29354  2.67741  2.69355  4.24690  2.90347  2.73739  3.18146  2.89801  2.37887  2.77519  2.98518  4.58477  3.61503
          0.03593  4.18265  3.91016  0.61958  0.77255  0.50261  0.92874
     79   2.30491  4.15044  3.93330  3.35793  3.17240  3.70955  4.02297  2.22559  3.26425  1.91093  3.26191  3.63127  3.61812  3.51473  3.50264  2.92195  2.64809  1.96737  4.79704  3.59618    138 l - - -
          2.68618  4.42225  2.77520  2.73123  3.46354  2.40513  3.72495  3.29354  2.67736  2.69355  4.24690  2.90347  2.73740  3.18146  2.89801  2.37887  2.77520  2.98519  4.58477  3.61503
          0.04222  3.38628  4.89229  0.53494  0.88117  0.46615  0.98729
     80   2.60033  4.93233  2.82823  2.41504  4.27204  3.39457  3.67380  3.70912  2.35311  3.27417  4.06957  2.04378  3.83390  2.80969  2.84359  2.08266  2.66529  3.25877  5.47690  4.11867    140 n - - -
          2.68618  4.42225  2.77519  2.73123  3.46354  2.40513  3.72494  3.29354  2.67741  2.69355  4.24690  2.90347  2.73739  3.18146  2.89801  2.37887  2.77519  2.98518  4.58477  3.61503
          0.02262  4.19621  4.91855  0.61958  0.77255  0.48576  0.95510
     81   3.02145  4.38511  4.61498  4.07149  3.54407  4.29046  4.71920  1.11229  3.68271  2.05975  3.39993  4.30042  4.61233  4.20138  4.12434  3.62916  3.15252  1.60521  5.33341  4.14038    141 i - - -
          2.68618  4.42225  2.77519  2.73123  3.46354  2.40513  3.72494  3.29354  2.67741  2.69355  4.24690  2.90347  2.73739  3.18146  2.89801  2.37887  2.77519  2.98518  4.58477  3.61503
          0.02262  4.19621  4.91855  0.61958  0.77255  0.48576  0.95510
     82   2.60978  4.99027  2.82860  2.29157  4.28499  3.41549  3.63789  3.72670  2.33656  3.27735  4.06500  2.86187  2.37017  2.71943  2.64664  2.24186  2.78637  3.35775  5.46943  4.10339    142 s - - -
          2.68619  4.42226  2.77520  2.73124  3.46355  2.40514  3.72495  3.29355  2.67737  2.69356  4.24691  2.90343  2.73740  3.18147  2.89796  2.37885  2.77520  2.98519  4.58478  3.61504
          0.08531  2.59744  4.91855  0.40720  1.09516  0.48576  0.95510
     83   2.57424  4.72305  3.06985  2.39349  3.93827  3.38832  3.39254  3.17106  2.39225  2.40284  3.80084  2.86504  3.59961  2.73024  2.76277  2.50389  2.67259  2.98802  4.84533  3.80010    144 k - - -
          2.68618  4.42225  2.77519  2.73123  3.46354  2.40513  3.72494  3.29354  2.67741  2.69355  4.24690  2.90347  2.73739  3.18146  2.89801  2.37887  2.77519  2.98518  4.58477  3.61503
          0.02262  4.19621  4.91855  0.61958  0.77255  0.48576  0.95510
     84   2.61545  4.98306  2.79033  2.26903  4.27371  3.22370  3.47189  3.62118  2.12271  3.12889  3.75616  2.78346  3.80418  2.61509  2.80147  2.29296  2.58279  3.19428  5.44946  4.07479    145 k - - -
          2.68618  4.42225  2.77519  2.73123  3.46354  2.40513  3.72494  3.29354  2.67741  2.69355  4.24690  2.90347  2.73739  3.18146  2.89801  2.37887  2.77519  2.98518  4.58477  3.61503
          0.02262  4.19621  4.91855  0.61958  0.77255  0.48576  0.95510
     85   2.75091  4.81849  2.59803  2.67844  4.53958  1.00472  4.08085  4.03485  3.00870  3.64697  4.50639  3.13981  3.94634  3.29841  3.15343  2.82107  3.14023  3.58842  5.78228  4.48402    146 g - - -
          2.68618  4.42225  2.77519  2.73123  3.46354  2.40513  3.72494  3.29354  2.67741  2.69355  4.24690  2.90347  2.73739  3.18146  2.89801  2.37887  2.77519  2.98518  4.58477  3.61503
          0.02262  4.19621  4.91855  0.61958  0.77255  0.48576  0.95510
     86   2.61062  4.78260  2.97594  2.30211  3.75525  3.44836  3.54863  3.13474  2.29356  2.76917  3.85565  2.98681  3.57301  2.62658  2.67706  2.54450  2.63556  2.94583  5.29058  3.59562    147 k - - -
          2.68618  4.42225  2.77519  2.73123  3.46354  2.40513  3.72494  3.29354  2.67741  2.69355  4.24690  2.90347  2.73739  3.18146  2.89801  2.37887  2.77519  2.98518  4.58477  3.61503
          0.02262  4.19621  4.91855  0.61958  0.77255  0.48576  0.95510
     87   3.15070  4.44712  4.91100  4.37951  3.61940  4.53636  5.02966  1.54741  4.27521  2.02394  3.27293  4.58902  4.81410  4.50904  4.45540  3.89729  3.23990  1.00092  5.53240  4.34948    148 v - - -
          2.68618  4.42225  2.77519  2.73123  3.46354  2.40513  3.72494  3.29354  2.67741  2.69355  4.24690  2.90347  2.73739  3.18146  2.89801  2.37887  2.77519  2.98518  4.58477  3.61503
          0.02262  4.19621  4.91855  0.61958  0.77255  0.48576  0.95510
     88   2.70603  4.79604  2.89702  2.53574  4.28884  3.35872  3.86122  3.71431  2.62770  3.32263  4.17184  3.07587  1.44716  2.95418  2.88311  2.51049  3.02079  3.35035  5.54275  4.23648    149 p - - -
          2.68619  4.42226  2.77520  2.73124  3.46355  2.40513  3.72495  3.29349  2.67741  2.69356  4.24677  2.90347  2.73740  3.18147  2.89801  2.37887  2.77520  2.98515  4.58478  3.61494
          0.07084  2.79559  4.91855  0.44105  1.03102  0.48576  0.95510
     89   2.58253  4.96262  2.93837  2.27611  4.06596  3.34029  3.31739  3.69001  2.24947  3.04029  4.02042  2.70258  3.80974  2.51377  2.50867  2.52867  2.52654  3.18741  5.43242  3.91716    151 k - - -
          2.68618  4.42225  2.77519  2.73123  3.46354  2.40513  3.72494  3.29354  2.67741  2.69355  4.24690  2.90347  2.73739  3.18146  2.89801  2.37887  2.77519  2.98518  4.58477  3.61503
          0.02262  4.19621  4.91855  0.61958  0.77255  0.48576  0.95510
     90   2.52959  5.00589  2.92251  2.17507  4.30455  3.33722  3.60559  3.75460  1.98769  3.28847  3.92717  2.80947  3.80936  2.63891  2.68595  2.32877  2.63428  3.37176  5.46510  3.78000    152 k - - -
          2.68618  4.42225  2.77519  2.73123  3.46354  2.40513  3.72494  3.29354  2.67741  2.69355  4.24690  2.90347  2.73739  3.18146  2.89801  2.37887  2.77519  2.98518  4.58477  3.61503
          0.02262  4.19621  4.91855  0.61958  0.77255  0.48576  0.95510
     91   2.49569  4.81286  2.89042  2.26686  4.05136  3.44201  3.43671  3.25116  2.25488  2.74949  3.65314  2.97251  3.51784  2.62501  2.86241  2.60215  2.58969  3.08107  4.50751  3.97979    153 k - - -
          2.68618  4.42228  2.77516  2.73120  3.46344  2.40516  3.72498  3.29352  2.67738  2.69351  4.24693  2.90346  2.73739  3.18144  2.89804  2.37890  2.77523  2.98522  4.58461  3.61506
          0.05930  2.99036  4.91855  1.03988  0.43618  0.48576  0.95510
     92   2.63000  5.00377  2.86575  2.18090  4.30120  3.41755  3.60757  3.51684  2.09680  3.21167  4.05961  2.90847  3.81132  2.52698  2.67350  2.33656  2.40640  3.36896  5.46353  4.09073    165 k - - -
          2.68618  4.42225  2.77519  2.73123  3.46354  2.40513  3.72494  3.29354  2.67741  2.69355  4.24690  2.90347  2.73739  3.18146  2.89801  2.37887  2.77519  2.98518  4.58477  3.61503
          0.02262  4.19621  4.91855  0.61958  0.77255  0.48576  0.95510
     93   2.47254  4.77499  2.76462  2.32822  4.01582  3.22252  3.66742  3.34280  2.48334  3.04220  3.86316  2.88221  3.53360  2.82752  2.94290  2.54007  2.47787  2.38535  5.29858  3.97159    166 e - - -
          2.68618  4.42225  2.77519  2.73123  3.46354  2.40513  3.72494  3.29354  2.67741  2.69355  4.24690  2.90347  2.73739  3.18146  2.89801  2.37887  2.77519  2.98518  4.58477  3.61503
          0.02262  4.19621  4.91855  0.61958  0.77255  0.48576  0.95510
     94   3.48339  4.78671  4.75198  4.33538  0.89696  4.40908  3.78326  2.99046  4.15305  2.21334  3.58796  4.21407  4.70882  4.18878  4.20850  3.75690  3.70969  2.82923  3.48472  2.28147    167 f - - -
          2.68618  4.42225  2.77519  2.73123  3.46354  2.40513  3.72494  3.29354  2.67741  2.69355  4.24690  2.90347  2.73739  3.18146  2.89801  2.37887  2.77519  2.98518  4.58477  3.61503
          0.02262  4.19621  4.91855  0.61958  0.77255  0.48576  0.95510
     95   2.48584  3.75551  2.96076  2.28794  4.18642  3.34866  3.51039  3.62046  2.21839  3.12038  3.97914  2.88280  3.71192  2.44261  2.60031  2.39379  2.72547  3.26643  5.39682  3.89117    168 k - - -
          2.68618  4.42225  2.77519  2.73123  3.46354  2.40513  3.72494  3.29354  2.67741  2.69355  4.24690  2.90347  2.73739  3.18146  2.89801  2.37887  2.77519  2.98518  4.58477  3.61503
          0.02262  4.19621  4.91855  0.61958  0.77255  0.48576  0.95510
     96   3.18691  4.47011  4.99931  4.45904  3.50932  4.57654  5.03511  1.41807  4.35131  1.89303  2.77593  4.64803  4.82707  4.53451  4.49265  3.93651  3.42922  1.18715  5.45790  4.30840    169 v - - -
          2.68618  4.42225  2.77519  2.73123  3.46354  2.40513  3.72494  3.29354  2.67741  2.69355  4.24690  2.90347  2.73739  3.18146  2.89801  2.37887  2.77519  2.98518  4.58477  3.61503
          0.02262  4.19621  4.91855  0.61958  0.77255  0.48576  0.95510
     97   2.48385  4.95618  2.88282  2.25666  3.93240  3.24723  3.52741  3.68124  2.23027  3.23384  4.01422  2.64222  3.68955  2.65751  2.67028  2.40742  2.56895  3.31231  4.98227  3.67479    170 k - - -
          2.68618  4.42225  2.77519  2.73123  3.46354  2.40513  3.72494  3.29354  2.67741  2.69355  4.24690  2.90347  2.73739  3.18146  2.89801  2.37887  2.77519  2.98518  4.58477  3.61503
          0.02262  4.19621  4.91855  0.61958  0.77255  0.48576  0.95510
     98   2.85623  4.36154  4.62102  4.03546  1.88924  4.15113  4.40942  2.18661  3.89264  1.37454  2.65818  4.19199  4.44145  4.02103  3.99348  3.46306  3.20370  2.37312  4.85188  3.46706    171 l - - -
          2.68618  4.42225  2.77519  2.73123  3.46354  2.40513  3.72494  3.29354  2.67741  2.69355  4.24690  2.90347  2.73739  3.18146  2.89801  2.37887  2.77519  2.98518  4.58477  3.61503
          0.02262  4.19621  4.91855  0.61958  0.77255  0.48576  0.95510
     99   2.59120  4.85644  3.00691  2.38762  4.10852  3.44698  3.54715  3.43805  2.23867  3.06217  3.92605  2.97036  2.35871  2.72036  2.70537  2.55807  2.69425  3.11419  5.34708  3.86620    172 k - - -
          2.68618  4.42225  2.77519  2.73123  3.46354  2.40513  3.72494  3.29354  2.67741  2.69355  4.24690  2.90347  2.73739  3.18146  2.89801  2.37887  2.77519  2.98518  4.58477  3.61503
          0.02262  4.19621  4.91855  0.61958  0.77255  0.48576  0.95510
    100   3.01424  0.46804  4.58834  4.41062  4.34435  3.55751  4.98833  3.55648  4.24538  3.45011  4.58599  4.31422  4.28785  4.57835  4.30757  3.28473  3.50889  3.27531  5.67554  4.62609    173 C - - -
          2.68618  4.42225  2.77519  2.73123  3.46354  2.40513  3.72494  3.29354  2.67741  2.69355  4.24690  2.90347  2.73739  3.18146  2.89801  2.37887  2.77519  2.98518  4.58477  3.61503
          0.02262  4.19621  4.91855  0.61958  0.77255  0.48576  0.95510
    101   2.56163  4.56910  3.21508  2.65719  3.78048  3.49100  3.73923  3.16289  2.48218  2.76443  3.68691  3.12703  3.75186  2.95669  2.88883  2.40525  1.84965  2.83935  4.69193  3.86057    174 t - - -
          2.68618  4.42225  2.77519  2.73123  3.46354  2.40513  3.72494  3.29354  2.67741  2.69355  4.24690  2.90347  2.73739  3.18146  2.89801  2.37887  2.77519  2.98518  4.58477  3.61503
          0.02262  4.19621  4.91855  0.61958  0.77255  0.48576  0.95510
    102   2.68864  4.99394  2.75995  2.29351  4.30944  1.66778  3.51336  3.73894  2.51237  3.31401  4.13557  2.86897  3.69705  2.81749  2.80635  2.69782  2.99998  3.38925  5.52639  4.17787    175 g - - -
          2.68618  4.42225  2.77519  2.73123  3.46354  2.40513  3.72494  3.29354  2.67741  2.69355  4.24690  2.90347  2.73739  3.18146  2.89801  2.37887  2.77519  2.98518  4.58477  3.61503
          0.02262  4.19621  4.91855  0.61958  0.77255  0.48576  0.95510
    103   2.57651  5.03907  2.86946  2.27189  4.34936  3.25708  3.32366  3.80434  1.92459  3.06358  4.09153  2.76665  3.81012  2.67728  2.51127  2.51877  2.66589  3.41142  5.48855  4.11061    176 k - - -
          2.68618  4.42225  2.77519  2.73123  3.46354  2.40513  3.72494  3.29354  2.67741  2.69355  4.24690  2.90347  2.73739  3.18146  2.89801  2.37887  2.77519  2.98518  4.58477  3.61503
          0.03240  4.19620  4.08480  0.61958  0.77255  0.48576  0.95510
    104   2.57496  4.75731  2.99680  2.46172  3.98234  3.27914  3.66007  3.18017  1.98051  2.84840  3.45921  3.00356  3.84557  2.71520  2.66241  2.62592  2.79848  2.74338  5.26807  3.94867    177 k - - -
          2.68618  4.42225  2.77519  2.73123  3.46354  2.40513  3.72494  3.29354  2.67741  2.69355  4.24690  2.90347  2.73739  3.18146  2.89801  2.37887  2.77519  2.98518  4.58477  3.61503
          0.02284  4.18664  4.90899  0.61958  0.77255  0.49770  0.93630
    105   2.55338  4.97146  2.64849  2.25401  4.25819  3.12204  3.61052  3.52874  2.34428  3.18625  4.03081  2.85854  3.80576  2.59475  2.81058  2.27391  2.38463  3.24261  5.44297  4.07066    178 e - - -
          2.68618  4.42225  2.77519  2.73123  3.46354  2.40513  3.72494  3.29354  2.67741  2.69355  4.24690  2.90347  2.73739  3.18146  2.89801  2.37887  2.77519  2.98518  4.58477  3.61503
          0.02284  4.18664  4.90899  0.61958  0.77255  0.49770  0.93630
    106   2.27107  4.55807  2.96653  2.64881  4.13872  1.48336  3.92646  3.51275  2.82158  3.07250  4.03600  3.13868  3.85615  3.13718  3.23558  2.59025  2.89211  2.97504  5.46771  4.17925    179 g - - -
          2.68618  4.42225  2.77519  2.73123  3.46354  2.40513  3.72494  3.29354  2.67741  2.69355  4.24690  2.90347  2.73739  3.18146  2.89801  2.37887  2.77519  2.98518  4.58477  3.61503
          0.02284  4.18664  4.90899  0.61958  0.77255  0.49770  0.93630
    107   2.57470  4.80262  2.77977  2.12626  4.05278  3.26273  3.54517  3.03925  2.43776  3.01127  3.88333  2.89889  3.82146  2.69073  2.90166  2.51922  2.56560  2.80073  5.29217  3.82661    180 e - - -
          2.68618  4.42225  2.77519  2.73123  3.46354  2.40513  3.72494  3.29354  2.67741  2.69355  4.24690  2.90347  2.73739  3.18146  2.89801  2.37887  2.77519  2.98518  4.58477  3.61503
          0.02284  4.18664  4.90899  0.61958  0.77255  0.49770  0.93630
    108   1.99426  4.21708  4.07223  3.50701  3.15386  3.82270  4.19006  2.13729  3.41536  2.33218  3.22998  3.77356  4.20436  3.67029  3.65569  3.03020  2.90042  1.55165  4.95596  3.75166    181 v - - -
          2.68618  4.42225  2.77519  2.73123  3.46354  2.40513  3.72494  3.29354  2.67741  2.69355  4.24690  2.90347  2.73739  3.18146  2.89801  2.37887  2.77519  2.98518  4.58477  3.61503
          0.03369  4.18664  4.02096  0.61958  0.77255  0.49770  0.93630
    109   2.51875  4.84587  2.43912  2.34367  4.09493  3.34937  3.46946  3.27796  2.39241  2.81497  3.67221  2.95030  3.49386  2.73580  2.88955  2.43511  2.65691  3.11374  5.34082  3.86804    182 e - - -
          2.68618  4.42225  2.77519  2.73123  3.46354  2.40513  3.72494  3.29354  2.67741  2.69355  4.24690  2.90347  2.73739  3.18146  2.89801  2.37887  2.77519  2.98518  4.58477  3.61503
          0.02308  4.17603  4.89838  0.61958  0.77255  0.51066  0.91654
    110   2.72030  4.18787  4.44696  3.86303  2.93054  3.75451  4.30936  2.02095  3.72581  1.79511  2.55488  4.01914  4.30999  3.91008  3.85487  3.28112  3.02394  1.58745  4.87297  3.70168    183 v - - -
          2.68618  4.42225  2.77519  2.73123  3.46354  2.40513  3.72494  3.29354  2.67741  2.69355  4.24690  2.90347  2.73739  3.18146  2.89801  2.37887  2.77519  2.98518  4.58477  3.61503
          0.02308  4.17603  4.89838  0.61958  0.77255  0.48944  0.94926
    111   2.53408  4.85310  2.90854  2.27395  3.95783  3.20114  3.52160  3.31007  2.30905  2.86263  3.80801  2.80015  3.82153  2.65519  2.79048  2.51435  2.47756  3.14098  5.34684  3.74613    184 e - - -
          2.68618  4.42225  2.77519  2.73123  3.46354  2.40513  3.72494  3.29354  2.67741  2.69355  4.24690  2.90347  2.73739  3.18146  2.89801  2.37887  2.77519  2.98518  4.58477  3.61503
          0.02284  4.18664  4.90899  0.61958  0.77255  0.49770  0.93630
    112   2.97489  4.32911  4.73045  4.14460  2.63827  4.19555  4.52009  1.53295  3.99740  1.63117  2.63647  4.27612  4.48522  4.12306  4.07946  3.51632  3.20326  1.90206  4.96113  3.60462    185 i - - -
          2.68618  4.42225  2.77519  2.73123  3.46354  2.40513  3.72494  3.29354  2.67741  2.69355  4.24690  2.90347  2.73739  3.18146  2.89801  2.37887  2.77519  2.98518  4.58477  3.61503
          0.02284  4.18664  4.90899  0.61958  0.77255  0.49770  0.93630
    113   2.53615  4.94728  2.82887  2.38097  4.22666  3.26424  3.31520  3.46389  2.26062  3.15495  4.00620  2.64367  3.80728  2.29053  2.79785  2.48031  2.79435  3.02598  5.42103  3.75801    186 k - - -
          2.68618  4.42225  2.77519  2.73123  3.46354  2.40513  3.72494  3.29354  2.67741  2.69355  4.24690  2.90347  2.73739  3.18146  2.89801  2.37887  2.77519  2.98518  4.58477  3.61503
          0.02284  4.18664  4.90899  0.61958  0.77255  0.47837  0.96704
    114   3.29508  4.60087  5.04430  4.46358  2.89114  4.57416  4.88927  1.84236  4.33437  1.05488  2.27383  4.65091  4.76366  4.38182  4.39624  3.91506  3.51377  2.08487  5.17357  4.12031    187 l - - -
          2.68618  4.42225  2.77519  2.73123  3.46354  2.40513  3.72494  3.29354  2.67741  2.69355  4.24690  2.90347  2.73739  3.18146  2.89801  2.37887  2.77519  2.98518  4.58477  3.61503
          0.02262  4.19621  4.91855  0.61958  0.77255  0.48576  0.95510
    115   2.63597  5.03688  2.78443  2.27332  4.34047  3.40815  3.51156  3.64811  2.26250  3.32245  4.09142  2.06485  3.80879  2.60311  2.73224  2.46835  2.67827  3.31916  5.49303  4.11072    188 n - - -
          2.68618  4.42225  2.77519  2.73123  3.46354  2.40513  3.72494  3.29354  2.67741  2.69355  4.24690  2.90347  2.73739  3.18146  2.89801  2.37887  2.77519  2.98518  4.58477  3.61503
          0.02262  4.19621  4.91855  0.61958  0.77255  0.48576  0.95510
    116   2.71316  4.12355  4.37385  3.78578  2.35798  3.86136  4.14155  1.89453  3.51544  1.98553  3.14719  3.91046  4.21167  3.81062  3.74606  3.16413  2.94486  1.91859  4.68307  2.83505    189 i - - -
          2.68618  4.42225  2.77519  2.73123  3.46354  2.40513  3.72494  3.29354  2.67741  2.69355  4.24690  2.90347  2.73739  3.18146  2.89801  2.37887  2.77519  2.98518  4.58477  3.61503
          0.02262  4.19621  4.91855  0.61958  0.77255  0.48576  0.95510
    117   2.57114  4.41575  3.25742  2.78106  3.20584  3.54428  3.65824  2.88504  2.69288  2.59699  3.23093  3.14783  3.92634  2.93377  2.99960  2.49375  2.16256  2.54973  4.58616  3.62429    190 t - - -
          2.68618  4.42225  2.77519  2.73123  3.46354  2.40513  3.72494  3.29354  2.67741  2.69355  4.24690  2.90347  2.73739  3.18146  2.89801  2.37887  2.77519  2.98518  4.58477  3.61503
          0.02262  4.19621  4.91855  0.61958  0.77255  0.48576  0.95510
    118   2.57101  4.77649  2.63374  2.44875  4.00518  3.13142  3.54826  3.10048  2.43666  2.72451  3.51157  2.77241  3.83845  2.76557  2.82551  2.55352  2.57255  2.98647  5.28588  3.79812    191 k - - -
          2.68618  4.42225  2.77519  2.73123  3.46354  2.40513  3.72494  3.29354  2.67741  2.69355  4.24690  2.90347  2.73739  3.18146  2.89801  2.37887  2.77519  2.98518  4.58477  3.61503
          0.02262  4.19621  4.91855  0.61958  0.77255  0.48576  0.95510
    119   2.60675  4.63779  2.82507  2.43110  3.21928  3.28515  3.53283  3.10082  2.45567  2.73779  3.60760  2.90961  3.61751  2.89214  2.93724  2.53711  2.74268  2.73609  4.62915  3.43830    192 e - - -
          2.68618  4.42225  2.77519  2.73123  3.46354  2.40513  3.72494  3.29354  2.67741  2.69355  4.24690  2.90347  2.73739  3.18146  2.89801  2.37887  2.77519  2.98518  4.58477  3.61503
          0.02262  4.19621  4.91855  0.61958  0.77255  0.48576  0.95510
    120   2.49602  5.02343  2.81319  2.26591  4.32810  3.40550  3.35192  3.78597  2.26791  3.31090  3.91139  2.65868  3.58615  2.54766  2.63658  2.21201  2.75922  3.24295  5.48066  3.93772    193 s - - -
          2.68618  4.42225  2.77519  2.73123  3.46354  2.40513  3.72494  3.29354  2.67741  2.69355  4.24690  2.90347  2.73739  3.18146  2.89801  2.37887  2.77519  2.98518  4.58477  3.61503
          0.02262  4.19621  4.91855  0.61958  0.77255  0.48576  0.95510
    121   2.37796  4.86613  2.92572  2.39421  3.98021  2.82883  3.63224  3.54637  2.22974  3.06572  3.69155  2.81162  3.68896  2.77100  2.73703  2.34720  2.75567  3.10665  5.35820  3.84455    194 k - - -
          2.68618  4.42225  2.77519  2.73123  3.46354  2.40513  3.72494  3.29354  2.67741  2.69355  4.24690  2.90347  2.73739  3.18146  2.89801  2.37887  2.77519  2.98518  4.58477  3.61503
          0.02262  4.19621  4.91855  0.61958  0.77255  0.48576  0.95510
    122   2.53101  4.97763  2.86659  2.30950  4.07955  3.05994  3.52493  3.71300  2.18442  3.14691  4.03503  2.84797  3.80791  2.69611  2.52002  2.24132  2.58740  3.33804  5.44542  4.07376    195 k - - -
          2.68618  4.42225  2.77519  2.73123  3.46354  2.40513  3.72494  3.29354  2.67741  2.69355  4.24690  2.90347  2.73739  3.18146  2.89801  2.37887  2.77519  2.98518  4.58477  3.61503
          0.03225  4.19621  4.09339  0.61958  0.77255  0.48576  0.95510
    123   2.53899  4.88147  2.90421  2.36076  3.64287  3.33009  3.53566  3.40594  2.23732  2.91459  3.94628  2.45626  3.40114  2.68962  2.82905  2.55161  2.61291  3.22487  5.36952  4.01809    196 k - - -
          2.68618  4.42225  2.77519  2.73123  3.46354  2.40513  3.72494  3.29354  2.67741  2.69355  4.24690  2.90347  2.73739  3.18146  2.89801  2.37887  2.77519  2.98518  4.58477  3.61503
          0.03182  4.18679  4.12754  0.61958  0.77255  0.49753  0.93658
    124   2.56169  4.49309  3.02845  2.55888  3.55788  3.18327  3.74464  2.46982  2.66120  2.34861  3.49367  3.03819  3.75751  2.92097  2.90055  2.65650  2.83087  2.61142  5.05008  3.78203    197 l - - -
          2.68618  4.42225  2.77519  2.73123  3.46354  2.40513  3.72494  3.29354  2.67741  2.69355  4.24690  2.90347  2.73739  3.18146  2.89801  2.37887  2.77519  2.98518  4.58477  3.61503
          0.02304  4.17801  4.90035  0.61958  0.77255  0.50827  0.92013
    125   2.60529  4.73826  2.87002  2.43050  3.95834  3.45215  3.45773  3.20413  2.44000  2.64601  3.81449  2.89549  3.40714  2.78521  2.73939  2.51818  2.40434  2.94541  4.43467  3.93439    198 t - - -
          2.68618  4.42235  2.77521  2.73121  3.46364  2.40509  3.72496  3.29341  2.67735  2.69359  4.24700  2.90349  2.73743  3.18130  2.89811  2.37890  2.77514  2.98524  4.58469  3.61496
          0.68032  1.23260  1.59942  0.68556  0.70079  0.50827  0.92013
    126   2.50382  4.31500  3.06245  2.50955  3.56429  3.03731  3.64741  3.24597  2.20261  2.88737  3.72581  2.99936  3.67228  2.83231  2.80545  2.36944  2.55007  2.94909  5.16858  3.86801    203 k - - -
          2.68618  4.42225  2.77519  2.73123  3.46354  2.40513  3.72494  3.29354  2.67741  2.69355  4.24690  2.90347  2.73739  3.18146  2.89801  2.37887  2.77519  2.98518  4.58477  3.61503
          0.02868  3.96163  4.68397  0.61958  0.77255  0.43151  1.04847
    127   2.60372  4.71149  3.06156  2.43321  3.92813  3.45306  3.47800  3.33014  2.40366  2.95964  3.40545  2.95600  2.69913  2.78336  2.81496  2.53001  2.59365  2.68264  5.23069  3.91838    204 k - - -
          2.68618  4.42225  2.77519  2.73123  3.46354  2.40513  3.72494  3.29354  2.67741  2.69355  4.24690  2.90347  2.73739  3.18146  2.89801  2.37887  2.77519  2.98518  4.58477  3.61503
          0.02372  4.14900  4.87134  0.61958  0.77255  0.46994  0.98093
    128   3.07658  4.44805  4.69425  4.11069  2.68523  4.27554  4.57142  1.97603  3.97915  1.08953  2.89215  4.30652  4.53871  3.78792  4.09308  3.59225  3.29999  2.12101  5.00489  3.88734    205 l - - -
          2.68618  4.42225  2.77519  2.73123  3.46354  2.40513  3.72494  3.29354  2.67741  2.69355  4.24690  2.90347  2.73739  3.18146  2.89801  2.37887  2.77519  2.98518  4.58477  3.61503
          0.02284  4.18664  4.90899  0.61958  0.77255  0.49770  0.93630
    129   2.61677  4.97571  2.88312  2.23894  4.26476  3.41352  3.33789  3.60990  2.16312  3.03663  3.89091  2.33448  3.80544  2.68504  2.69863  2.46419  2.84743  3.14650  5.44205  3.93423    206 k - - -
          2.68618  4.42225  2.77519  2.73123  3.46354  2.40513  3.72494  3.29354  2.67741  2.69355  4.24690  2.90347  2.73739  3.18146  2.89801  2.37887  2.77519  2.98518  4.58477  3.61503
          0.02284  4.18664  4.90899  0.61958  0.77255  0.49770  0.93630
    130   2.89611  4.36915  4.71557  4.13343  2.30472  4.23010  4.55621  1.82734  3.99564  1.32818  2.95862  4.29232  4.51320  4.12798  4.09558  3.55084  3.13275  2.04845  5.00345  3.87056    207 l - - -
          2.68618  4.42225  2.77519  2.73123  3.46354  2.40513  3.72494  3.29354  2.67741  2.69355  4.24690  2.90347  2.73739  3.18146  2.89801  2.37887  2.77519  2.98518  4.58477  3.61503
          0.02284  4.18664  4.90899  0.61958  0.77255  0.49770  0.93630
    131   2.62509  4.92853  2.96704  2.40702  4.20357  3.35360  3.51508  3.34438  2.01799  3.13637  3.99053  2.78752  3.58532  2.58403  2.49238  2.48283  2.69228  3.02954  5.40282  4.04826    208 k - - -
          2.68618  4.42225  2.77519  2.73123  3.46354  2.40513  3.72494  3.29354  2.67741  2.69355  4.24690  2.90347  2.73739  3.18146  2.89801  2.37887  2.77519  2.98518  4.58477  3.61503
          0.02284  4.18664  4.90899  0.61958  0.77255  0.49770  0.93630
    132   2.63550  4.22013  3.76734  3.19118  2.71427  3.67708  3.94498  2.53583  3.10147  2.00254  3.09171  3.52004  4.04544  3.26754  2.37429  2.94298  2.86639  2.23888  4.80139  3.46741    209 l - - -
          2.68618  4.42225  2.77519  2.73123  3.46354  2.40513  3.72494  3.29354  2.67741  2.69355  4.24690  2.90347  2.73739  3.18146  2.89801  2.37887  2.77519  2.98518  4.58477  3.61503
          0.03721  4.18664  3.84758  0.61958  0.77255  0.49770  0.93630
    133   2.63165  4.96699  2.90026  2.32282  4.25597  3.42700  3.60804  3.43019  2.01515  3.04367  3.88178  2.76838  3.81685  2.64260  2.30059  2.58544  2.63800  3.32760  5.42903  4.06998    210 k - - -
          2.68618  4.42225  2.77519  2.73123  3.46354  2.40513  3.72494  3.29354  2.67741  2.69355  4.24690  2.90347  2.73739  3.18146  2.89801  2.37887  2.77519  2.98518  4.58477  3.61503
          0.02316  4.17259  4.89494  0.61958  0.77255  0.51479  0.91037
    134   3.20028  5.30986  3.64810  2.92983  4.81112  3.79109  3.68697  4.13968  1.09586  3.54443  4.41837  3.31388  4.14620  2.81723  1.60133  3.18562  3.35021  3.81939  5.55229  4.41160    211 k - - -
          2.68618  4.42225  2.77519  2.73123  3.46354  2.40513  3.72494  3.29354  2.67741  2.69355  4.24690  2.90347  2.73739  3.18146  2.89801  2.37887  2.77519  2.98518  4.58477  3.61503
          0.02316  4.17259  4.89494  0.61958  0.77255  0.51479  0.91037
    135   2.54646  4.70922  3.06931  2.40592  3.92252  3.45808  3.29760  2.94457  2.42110  2.81043  3.56449  2.91482  3.84614  2.43804  2.84756  2.52166  2.57871  3.02700  4.79532  3.73050    212 e - - -
          2.68618  4.42225  2.77519  2.73123  3.46354  2.40513  3.72494  3.29354  2.67741  2.69355  4.24690  2.90347  2.73739  3.18146  2.89801  2.37887  2.77519  2.98518  4.58477  3.61503
          0.02316  4.17259  4.89494  0.61958  0.77255  0.51479  0.91037
    136   2.97872  0.49257  4.55059  4.36630  4.30274  3.52862  4.94886  3.50858  4.19987  3.40448  4.53907  4.27554  4.25750  4.53385  4.26696  3.24940  3.47135  3.22965  5.64154  4.58520    213 C - - -
          2.68618  4.42225  2.77520  2.73123  3.46354  2.40513  3.72495  3.29348  2.67741  2.69355  4.24690  2.90347  2.73740  3.18146  2.89801  2.37887  2.77520  2.98518  4.58477  3.61503
          0.03542  3.60024  4.89494  0.56178  0.84442  0.46803  0.98413
    137   3.03203  5.01706  2.94612  2.87089  4.43624  3.43429  4.23822  4.23136  3.17775  3.84356  4.80657  0.69146  4.10732  3.52217  3.53450  3.09335  3.43097  3.81936  5.70432  4.36956    215 N - - -
          2.68618  4.42225  2.77519  2.73123  3.46354  2.40513  3.72494  3.29354  2.67741  2.69355  4.24690  2.90347  2.73739  3.18146  2.89801  2.37887  2.77519  2.98518  4.58477  3.61503
          0.02262  4.19621  4.91855  0.61958  0.77255  0.48576  0.95510
    138   0.63215  4.38795  3.82508  3.64661  4.40808  3.20116  4.62538  3.58477  3.67224  3.45015  4.45579  3.70354  3.97218  3.98495  3.89090  2.74043  3.04098  3.18080  5.80123  4.64302    216 A - - -
          2.68618  4.42225  2.77519  2.73123  3.46354  2.40513  3.72494  3.29354  2.67741  2.69355  4.24690  2.90347  2.73739  3.18146  2.89801  2.37887  2.77519  2.98518  4.58477  3.61503
          0.02262  4.19621  4.91855  0.61958  0.77255  0.48576  0.95510
    139   3.03203  5.01706  2.94612  2.87089  4.43624  3.43429  4.23822  4.23136  3.17775  3.84356  4.80657  0.69146  4.10732  3.52217  3.53450  3.09335  3.43097  3.81936  5.70432  4.36956    217 N - - -
          2.68618  4.42225  2.77519  2.73123  3.46354  2.40513  3.72494  3.29354  2.67741  2.69355  4.24690  2.90347  2.73739  3.18146  2.89801  2.37887  2.77519  2.98518  4.58477  3.61503
          0.02262  4.19621  4.91855  0.61958  0.77255  0.48576  0.95510
    140   0.63215  4.38795  3.82508  3.64661  4.40808  3.20116  4.62538  3.58477  3.67224  3.45015  4.45579  3.70354  3.97218  3.98495  3.89090  2.74043  3.04098  3.18080  5.80123  4.64302    218 A - - -
          2.68618  4.42225  2.77519  2.73123  3.46354  2.40513  3.72494  3.29354  2.67741  2.69355  4.24690  2.90347  2.73739  3.18146  2.89801  2.37887  2.77519  2.98518  4.58477  3.61503
          0.02262  4.19621  4.91855  0.61958  0.77255  0.48576  0.95510
    141   3.03203  5.01706  2.94612  2.87089  4.43624  3.43429  4.23822  4.23136  3.17775  3.84356  4.80657  0.69146  4.10732  3.52217  3.53450  3.09335  3.43097  3.81936  5.70432  4.36956    219 N - - -
          2.68618  4.42225  2.77519  2.73123  3.46354  2.40513  3.72494  3.29354  2.67741  2.69355  4.24690  2.90347  2.73739  3.18146  2.89801  2.37887  2.77519  2.98518  4.58477  3.61503
          0.02262  4.19621  4.91855  0.61958  0.77255  0.48576  0.95510
    142   0.63215  4.38795  3.82508  3.64661  4.40808  3.20116  4.62538  3.58477  3.67224  3.45015  4.45579  3.70354  3.97218  3.98495  3.89090  2.74043  3.04098  3.18080  5.80123  4.64302    220 A - - -
          2.68618  4.42225  2.77519  2.73123  3.46354  2.40513  3.72494  3.29354  2.67741  2.69355  4.24690  2.90347  2.73739  3.18146  2.89801  2.37887  2.77519  2.98518  4.58477  3.61503
          0.02262  4.19621  4.91855  0.61958  0.77255  0.48576  0.95510
    143   3.03203  5.01706  2.94612  2.87089  4.43624  3.43429  4.23822  4.23136  3.17775  3.84356  4.80657  0.69146  4.10732  3.52217  3.53450  3.09335  3.43097  3.81936  5.70432  4.36956    221 N - - -
          2.68618  4.42225  2.77519  2.73123  3.46354  2.40513  3.72494  3.29354  2.67741  2.69355  4.24690  2.90347  2.73739  3.18146  2.89801  2.37887  2.77519  2.98518  4.58477  3.61503
          0.02262  4.19621  4.91855  0.61958  0.77255  0.48576  0.95510
    144   0.63215  4.38795  3.82508  3.64661  4.40808  3.20116  4.62538  3.58477  3.67224  3.45015  4.45579  3.70354  3.97218  3.98495  3.89090  2.74043  3.04098  3.18080  5.80123  4.64302    222 A - - -
          2.68618  4.42225  2.77519  2.73123  3.46354  2.40513  3.72494  3.29354  2.67741  2.69355  4.24690  2.90347  2.73739  3.18146  2.89801  2.37887  2.77519  2.98518  4.58477  3.61503
          0.02262  4.19621  4.91855  0.61958  0.77255  0.48576  0.95510
    145   3.03203  5.01706  2.94612  2.87089  4.43624  3.43429  4.23822  4.23136  3.17775  3.84356  4.80657  0.69146  4.10732  3.52217  3.53450  3.09335  3.43097  3.81936  5.70432  4.36956    223 N - - -
          2.68618  4.42225  2.77519  2.73123  3.46354  2.40513  3.72494  3.29354  2.67741  2.69355  4.24690  2.90347  2.73739  3.18146  2.89801  2.37887  2.77519  2.98518  4.58477  3.61503
          0.02262  4.19621  4.91855  0.61958  0.77255  0.48576  0.95510
    146   0.63215  4.38795  3.82508  3.64661  4.40808  3.20116  4.62538  3.58477  3.67224  3.45015  4.45579  3.70354  3.97218  3.98495  3.89090  2.74043  3.04098  3.18080  5.80123  4.64302    224 A - - -
          2.68618  4.42225  2.77519  2.73123  3.46354  2.40513  3.72494  3.29354  2.67741  2.69355  4.24690  2.90347  2.73739  3.18146  2.89801  2.37887  2.77519  2.98518  4.58477  3.61503
          0.02262  4.19621  4.91855  0.61958  0.77255  0.48576  0.95510
    147   3.03203  5.01706  2.94612  2.87089  4.43624  3.43429  4.23822  4.23136  3.17775  3.84356  4.80657  0.69146  4.10732  3.52217  3.53450  3.09335  3.43097  3.81936  5.70432  4.36956    225 N - - -
          2.68618  4.42225  2.77519  2.73123  3.46354  2.40513  3.72494  3.29354  2.67741  2.69355  4.24690  2.90347  2.73739  3.18146  2.89801  2.37887  2.77519  2.98518  4.58477  3.61503
          0.02262  4.19621  4.91855  0.61958  0.77255  0.48576  0.95510
    148   0.63215  4.38795  3.82508  3.64661  4.40808  3.20116  4.62538  3.58477  3.67224  3.45015  4.45579  3.70354  3.97218  3.98495  3.89090  2.74043  3.04098  3.18080  5.80123  4.64302    226 A - - -
          2.68618  4.42225  2.77519  2.73123  3.46354  2.40513  3.72494  3.29354  2.67741  2.69355  4.24690  2.90347  2.73739  3.18146  2.89801  2.37887  2.77519  2.98518  4.58477  3.61503
          0.02262  4.19621  4.91855  0.61958  0.77255  0.48576  0.95510
    149   3.03203  5.01706  2.94612  2.87089  4.43624  3.43429  4.23822  4.23136  3.17775  3.84356  4.80657  0.69146  4.10732  3.52217  3.53450  3.09335  3.43097  3.81936  5.70432  4.36956    227 N - - -
          2.68618  4.42225  2.77519  2.73123  3.46354  2.40513  3.72494  3.29354  2.67741  2.69355  4.24690  2.90347  2.73739  3.18146  2.89801  2.37887  2.77519  2.98518  4.58477  3.61503
          0.02262  4.19621  4.91855  0.61958  0.77255  0.48576  0.95510
    150   0.63215  4.38795  3.82508  3.64661  4.40808  3.20116  4.62538  3.58477  3.67224  3.45015  4.45579  3.70354  3.97218  3.98495  3.89090  2.74043  3.04098  3.18080  5.80123  4.64302    228 A - - -
          2.68618  4.42225  2.77519  2.73123  3.46354  2.40513  3.72494  3.29354  2.67741  2.69355  4.24690  2.90347  2.73739  3.18146  2.89801  2.37887  2.77519  2.98518  4.58477  3.61503
          0.02262  4.19621  4.91855  0.61958  0.77255  0.48576  0.95510
    151   3.03203  5.01706  2.94612  2.87089  4.43624  3.43429  4.23822  4.23136  3.17775  3.84356  4.80657  0.69146  4.10732  3.52217  3.53450  3.09335  3.43097  3.81936  5.70432  4.36956    229 N - - -
          2.68618  4.42225  2.77519  2.73123  3.46354  2.40513  3.72494  3.29354  2.67741  2.69355  4.24690  2.90347  2.73739  3.18146  2.89801  2.37887  2.77519  2.98518  4.58477  3.61503
          0.02262  4.19621  4.91855  0.61958  0.77255  0.48576  0.95510
    152   0.63215  4.38795  3.82508  3.64661  4.40808  3.20116  4.62538  3.58477  3.67224  3.45015  4.45579  3.70354  3.97218  3.98495  3.89090  2.74043  3.04098  3.18080  5.80123  4.64302    230 A - - -
          2.68618  4.42225  2.77519  2.73123  3.46354  2.40513  3.72494  3.29354  2.67741  2.69355  4.24690  2.90347  2.73739  3.18146  2.89801  2.37887  2.77519  2.98518  4.58477  3.61503
          0.02262  4.19621  4.91855  0.61958  0.77255  0.48576  0.95510
    153   3.03203  5.01706  2.94612  2.87089  4.43624  3.43429  4.23822  4.23136  3.17775  3.84356  4.80657  0.69146  4.10732  3.52217  3.53450  3.09335  3.43097  3.81936  5.70432  4.36956    231 N - - -
          2.68618  4.42225  2.77519  2.73123  3.46354  2.40513  3.72494  3.29354  2.67741  2.69355  4.24690  2.90347  2.73739  3.18146  2.89801  2.37887  2.77519  2.98518  4.58477  3.61503
          0.02262  4.19621  4.91855  0.61958  0.77255  0.48576  0.95510
    154   0.63215  4.38795  3.82508  3.64661  4.40808  3.20116  4.62538  3.58477  3.67224  3.45015  4.45579  3.70354  3.97218  3.98495  3.89090  2.74043  3.04098  3.18080  5.80123  4.64302    232 A - - -
          2.68618  4.42225  2.77519  2.73123  3.46354  2.40513  3.72494  3.29354  2.67741  2.69355  4.24690  2.90347  2.73739  3.18146  2.89801  2.37887  2.77519  2.98518  4.58477  3.61503
          0.02262  4.19621  4.91855  0.61958  0.77255  0.48576  0.95510
    155   3.03203  5.01706  2.94612  2.87089  4.43624  3.43429  4.23822  4.23136  3.17775  3.84356  4.80657  0.69146  4.10732  3.52217  3.53450  3.09335  3.43097  3.81936  5.70432  4.36956    233 N - - -
          2.68618  4.42225  2.77519  2.73123  3.46354  2.40513  3.72494  3.29354  2.67741  2.69355  4.24690  2.90347  2.73739  3.18146  2.89801  2.37887  2.77519  2.98518  4.58477  3.61503
          0.02262  4.19621  4.91855  0.61958  0.77255  0.48576  0.95510
    156   0.63215  4.38795  3.82508  3.64661  4.40808  3.20116  4.62538  3.58477  3.67224  3.45015  4.45579  3.70354  3.97218  3.98495  3.89090  2.74043  3.04098  3.18080  5.80123  4.64302    234 A - - -
          2.68618  4.42225  2.77519  2.73123  3.46354  2.40513  3.72494  3.29354  2.67741  2.69355  4.24690  2.90347  2.73739  3.18146  2.89801  2.37887  2.77519  2.98518  4.58477  3.61503
          0.02262  4.19621  4.91855  0.61958  0.77255  0.48576  0.95510
    157   3.03203  5.01706  2.94612  2.87089  4.43624  3.43429  4.23822  4.23136  3.17775  3.84356  4.80657  0.69146  4.10732  3.52217  3.53450  3.09335  3.43097  3.81936  5.70432  4.36956    235 N - - -
          2.68618  4.42225  2.77519  2.73123  3.46354  2.40513  3.72494  3.29354  2.67741  2.69355  4.24690  2.90347  2.73739  3.18146  2.89801  2.37887  2.77519  2.98518  4.58477  3.61503
          0.02262  4.19621  4.91855  0.61958  0.77255  0.48576  0.95510
    158   0.63215  4.38795  3.82508  3.64661  4.40808  3.20116  4.62538  3.58477  3.67224  3.45015  4.45579  3.70354  3.97218  3.98495  3.89090  2.74043  3.04098  3.18080  5.80123  4.64302    236 A - - -
          2.68618  4.42225  2.77519  2.73123  3.46354  2.40513  3.72494  3.29354  2.67741  2.69355  4.24690  2.90347  2.73739  3.18146  2.89801  2.37887  2.77519  2.98518  4.58477  3.61503
          0.02262  4.19621  4.91855  0.61958  0.77255  0.48576  0.95510
    159   3.03203  5.01706  2.94612  2.87089  4.43624  3.43429  4.23822  4.23136  3.17775  3.84356  4.80657  0.69146  4.10732  3.52217  3.53450  3.09335  3.43097  3.81936  5.70432  4.36956    237 N - - -
          2.68618  4.42225  2.77519  2.73123  3.46354  2.40513  3.72494  3.29354  2.67741  2.69355  4.24690  2.90347  2.73739  3.18146  2.89801  2.37887  2.77519  2.98518  4.58477  3.61503
          0.02262  4.19621  4.91855  0.61958  0.77255  0.48576  0.95510
    160   0.63215  4.38795  3.82508  3.64661  4.40808  3.20116  4.62538  3.58477  3.67224  3.45015  4.45579  3.70354  3.97218  3.98495  3.89090  2.74043  3.04098  3.18080  5.80123  4.64302    238 A - - -
          2.68618  4.42225  2.77519  2.73123  3.46354  2.40513  3.72494  3.29354  2.67741  2.69355  4.24690  2.90347  2.73739  3.18146  2.89801  2.37887  2.77519  2.98518  4.58477  3.61503
          0.02262  4.19621  4.91855  0.61958  0.77255  0.48576  0.95510
    161   3.03203  5.01706  2.94612  2.87089  4.43624  3.43429  4.23822  4.23136  3.17775  3.84356  4.80657  0.69146  4.10732  3.52217  3.53450  3.09335  3.43097  3.81936  5.70432  4.36956    239 N - - -
          2.68618  4.42225  2.77519  2.73123  3.46354  2.40513  3.72494  3.29354  2.67741  2.69355  4.24690  2.90347  2.73739  3.18146  2.89801  2.37887  2.77519  2.98518  4.58477  3.61503
          0.02262  4.19621  4.91855  0.61958  0.77255  0.48576  0.95510
    162   0.63215  4.38795  3.82508  3.64661  4.40808  3.20116  4.62538  3.58477  3.67224  3.45015  4.45579  3.70354  3.97218  3.98495  3.89090  2.74043  3.04098  3.18080  5.80123  4.64302    240 A - - -
          2.68618  4.42225  2.77519  2.73123  3.46354  2.40513  3.72494  3.29354  2.67741  2.69355  4.24690  2.90347  2.73739  3.18146  2.89801  2.37887  2.77519  2.98518  4.58477  3.61503
          0.02262  4.19621  4.91855  0.61958  0.77255  0.48576  0.95510
    163   3.03203  5.01706  2.94612  2.87089  4.43624  3.43429  4.23822  4.23136  3.17775  3.84356  4.80657  0.69146  4.10732  3.52217  3.53450  3.09335  3.43097  3.81936  5.70432  4.36956    241 N - - -
          2.68618  4.42225  2.77519  2.73123  3.46354  2.40513  3.72494  3.29354  2.67741  2.69355  4.24690  2.90347  2.73739  3.18146  2.89801  2.37887  2.77519  2.98518  4.58477  3.61503
          0.02262  4.19621  4.91855  0.61958  0.77255  0.48576  0.95510
    164   0.63215  4.38795  3.82508  3.64661  4.40808  3.20116  4.62538  3.58477  3.67224  3.45015  4.45579  3.70354  3.97218  3.98495  3.89090  2.74043  3.04098  3.18080  5.80123  4.64302    242 A - - -
          2.68618  4.42225  2.77519  2.73123  3.46354  2.40513  3.72494  3.29354  2.67741  2.69355  4.24690  2.90347  2.73739  3.18146  2.89801  2.37887  2.77519  2.98518  4.58477  3.61503
          0.02262  4.19621  4.91855  0.61958  0.77255  0.48576  0.95510
    165   3.03203  5.01706  2.94612  2.87089  4.43624  3.43429  4.23822  4.23136  3.17775  3.84356  4.80657  0.69146  4.10732  3.52217  3.53450  3.09335  3.43097  3.81936  5.70432  4.36956    243 N - - -
          2.68618  4.42225  2.77519  2.73123  3.46354  2.40513  3.72494  3.29354  2.67741  2.69355  4.24690  2.90347  2.73739  3.18146  2.89801  2.37887  2.77519  2.98518  4.58477  3.61503
          0.02262  4.19621  4.91855  0.61958  0.77255  0.48576  0.95510
    166   0.63215  4.38795  3.82508  3.64661  4.40808  3.20116  4.62538  3.58477  3.67224  3.45015  4.45579  3.70354  3.97218  3.98495  3.89090  2.74043  3.04098  3.18080  5.80123  4.64302    244 A - - -
          2.68618  4.42225  2.77519  2.73123  3.46354  2.40513  3.72494  3.29354  2.67741  2.69355  4.24690  2.90347  2.73739  3.18146  2.89801  2.37887  2.77519  2.98518  4.58477  3.61503
          0.02262  4.19621  4.91855  0.61958  0.77255  0.48576  0.95510
    167   3.03203  5.01706  2.94612  2.87089  4.43624  3.43429  4.23822  4.23136  3.17775  3.84356  4.80657  0.69146  4.10732  3.52217  3.53450  3.09335  3.43097  3.81936  5.70432  4.36956    245 N - - -
          2.68618  4.42225  2.77519  2.73123  3.46354  2.40513  3.72494  3.29354  2.67741  2.69355  4.24690  2.90347  2.73739  3.18146  2.89801  2.37887  2.77519  2.98518  4.58477  3.61503
          0.02262  4.19621  4.91855  0.61958  0.77255  0.48576  0.95510
    168   0.63215  4.38795  3.82508  3.64661  4.40808  3.20116  4.62538  3.58477  3.67224  3.45015  4.45579  3.70354  3.97218  3.98495  3.89090  2.74043  3.04098  3.18080  5.80123  4.64302    246 A - - -
          2.68618  4.42225  2.77519  2.73123  3.46354  2.40513  3.72494  3.29354  2.67741  2.69355  4.24690  2.90347  2.73739  3.18146  2.89801  2.37887  2.77519  2.98518  4.58477  3.61503
          0.02262  4.19621  4.91855  0.61958  0.77255  0.48576  0.95510
    169   3.03203  5.01706  2.94612  2.87089  4.43624  3.43429  4.23822  4.23136  3.17775  3.84356  4.80657  0.69146  4.10732  3.52217  3.53450  3.09335  3.43097  3.81936  5.70432  4.36956    247 N - - -
          2.68618  4.42225  2.77519  2.73123  3.46354  2.40513  3.72494  3.29354  2.67741  2.69355  4.24690  2.90347  2.73739  3.18146  2.89801  2.37887  2.77519  2.98518  4.58477  3.61503
          0.02262  4.19621  4.91855  0.61958  0.77255  0.48576  0.95510
    170   0.63215  4.38795  3.82508  3.64661  4.40808  3.20116  4.62538  3.58477  3.67224  3.45015  4.45579  3.70354  3.97218  3.98495  3.89090  2.74043  3.04098  3.18080  5.80123  4.64302    248 A - - -
          2.68618  4.42225  2.77519  2.73123  3.46354  2.40513  3.72494  3.29354  2.67741  2.69355  4.24690  2.90347  2.73739  3.18146  2.89801  2.37887  2.77519  2.98518  4.58477  3.61503
          0.02262  4.19621  4.91855  0.61958  0.77255  0.48576  0.95510
    171   3.03203  5.01706  2.94612  2.87089  4.43624  3.43429  4.23822  4.23136  3.17775  3.84356  4.80657  0.69146  4.10732  3.52217  3.53450  3.09335  3.43097  3.81936  5.70432  4.36956    249 N - - -
          2.68618  4.42225  2.77519  2.73123  3.46354  2.40513  3.72494  3.29354  2.67741  2.69355  4.24690  2.90347  2.73739  3.18146  2.89801  2.37887  2.77519  2.98518  4.58477  3.61503
          0.02262  4.19621  4.91855  0.61958  0.77255  0.48576  0.95510
    172   0.63215  4.38795  3.82508  3.64661  4.40808  3.20116  4.62538  3.58477  3.67224  3.45015  4.45579  3.70354  3.97218  3.98495  3.89090  2.74043  3.04098  3.18080  5.80123  4.64302    250 A - - -
          2.68618  4.42225  2.77519  2.73123  3.46354  2.40513  3.72494  3.29354  2.67741  2.69355  4.24690  2.90347  2.73739  3.18146  2.89801  2.37887  2.77519  2.98518  4.58477  3.61503
          0.02262  4.19621  4.91855  0.61958  0.77255  0.48576  0.95510
    173   3.03203  5.01706  2.94612  2.87089  4.43624  3.43429  4.23822  4.23136  3.17775  3.84356  4.80657  0.69146  4.10732  3.52217  3.53450  3.09335  3.43097  3.81936  5.70432  4.36956    251 N - - -
          2.68618  4.42225  2.77519  2.73123  3.46354  2.40513  3.72494  3.29354  2.67741  2.69355  4.24690  2.90347  2.73739  3.18146  2.89801  2.37887  2.77519  2.98518  4.58477  3.61503
          0.02262  4.19621  4.91855  0.61958  0.77255  0.48576  0.95510
    174   0.63215  4.38795  3.82508  3.64661  4.40808  3.20116  4.62538  3.58477  3.67224  3.45015  4.45579  3.70354  3.97218  3.98495  3.89090  2.74043  3.04098  3.18080  5.80123  4.64302    252 A - - -
          2.68618  4.42225  2.77519  2.73123  3.46354  2.40513  3.72494  3.29354  2.67741  2.69355  4.24690  2.90347  2.73739  3.18146  2.89801  2.37887  2.77519  2.98518  4.58477  3.61503
          0.02262  4.19621  4.91855  0.61958  0.77255  0.48576  0.95510
    175   3.03203  5.01706  2.94612  2.87089  4.43624  3.43429  4.23822  4.23136  3.17775  3.84356  4.80657  0.69146  4.10732  3.52217  3.53450  3.09335  3.43097  3.81936  5.70432  4.36956    253 N - - -
          2.68618  4.42225  2.77519  2.73123  3.46354  2.40513  3.72494  3.29354  2.67741  2.69355  4.24690  2.90347  2.73739  3.18146  2.89801  2.37887  2.77519  2.98518  4.58477  3.61503
          0.02262  4.19621  4.91855  0.61958  0.77255  0.48576  0.95510
    176   0.63215  4.38795  3.82508  3.64661  4.40808  3.20116  4.62538  3.58477  3.67224  3.45015  4.45579  3.70354  3.97218  3.98495  3.89090  2.74043  3.04098  3.18080  5.80123  4.64302    254 A - - -
          2.68618  4.42225  2.77519  2.73123  3.46354  2.40513  3.72494  3.29354  2.67741  2.69355  4.24690  2.90347  2.73739  3.18146  2.89801  2.37887  2.77519  2.98518  4.58477  3.61503
          0.02262  4.19621  4.91855  0.61958  0.77255  0.48576  0.95510
    177   3.03203  5.01706  2.94612  2.87089  4.43624  3.43429  4.23822  4.23136  3.17775  3.84356  4.80657  0.69146  4.10732  3.52217  3.53450  3.09335  3.43097  3.81936  5.70432  4.36956    255 N - - -
          2.68618  4.42225  2.77519  2.73123  3.46354  2.40513  3.72494  3.29354  2.67741  2.69355  4.24690  2.90347  2.73739  3.18146  2.89801  2.37887  2.77519  2.98518  4.58477  3.61503
          0.02262  4.19621  4.91855  0.61958  0.77255  0.48576  0.95510
    178   0.63215  4.38795  3.82508  3.64661  4.40808  3.20116  4.62538  3.58477  3.67224  3.45015  4.45579  3.70354  3.97218  3.98495  3.89090  2.74043  3.04098  3.18080  5.80123  4.64302    256 A - - -
          2.68618  4.42225  2.77519  2.73123  3.46354  2.40513  3.72494  3.29354  2.67741  2.69355  4.24690  2.90347  2.73739  3.18146  2.89801  2.37887  2.77519  2.98518  4.58477  3.61503
          0.02262  4.19621  4.91855  0.61958  0.77255  0.48576  0.95510
    179   3.03203  5.01706  2.94612  2.87089  4.43624  3.43429  4.23822  4.23136  3.17775  3.84356  4.80657  0.69146  4.10732  3.52217  3.53450  3.09335  3.43097  3.81936  5.70432  4.36956    257 N - - -
          2.68618  4.42225  2.77519  2.73123  3.46354  2.40513  3.72494  3.29354  2.67741  2.69355  4.24690  2.90347  2.73739  3.18146  2.89801  2.37887  2.77519  2.98518  4.58477  3.61503
          0.02262  4.19621  4.91855  0.61958  0.77255  0.48576  0.95510
    180   0.63215  4.38795  3.82508  3.64661  4.40808  3.20116  4.62538  3.58477  3.67224  3.45015  4.45579  3.70354  3.97218  3.98495  3.89090  2.74043  3.04098  3.18080  5.80123  4.64302    258 A - - -
          2.68618  4.42225  2.77519  2.73123  3.46354  2.40513  3.72494  3.29354  2.67741  2.69355  4.24690  2.90347  2.73739  3.18146  2.89801  2.37887  2.77519  2.98518  4.58477  3.61503
          0.02262  4.19621  4.91855  0.61958  0.77255  0.48576  0.95510
    181   3.03203  5.01706  2.94612  2.87089  4.43624  3.43429  4.23822  4.23136  3.17775  3.84356  4.80657  0.69146  4.10732  3.52217  3.53450  3.09335  3.43097  3.81936  5.70432  4.36956    259 N - - -
          2.68618  4.42225  2.77519  2.73123  3.46354  2.40513  3.72494  3.29354  2.67741  2.69355  4.24690  2.90347  2.73739  3.18146  2.89801  2.37887  2.77519  2.98518  4.58477  3.61503
          0.02262  4.19621  4.91855  0.61958  0.77255  0.48576  0.95510
    182   0.63215  4.38795  3.82508  3.64661  4.40808  3.20116  4.62538  3.58477  3.67224  3.45015  4.45579  3.70354  3.97218  3.98495  3.89090  2.74043  3.04098  3.18080  5.80123  4.64302    260 A - - -
          2.68618  4.42225  2.77519  2.73123  3.46354  2.40513  3.72494  3.29354  2.67741  2.69355  4.24690  2.90347  2.73739  3.18146  2.89801  2.37887  2.77519  2.98518  4.58477  3.61503
          0.02262  4.19621  4.91855  0.61958  0.77255  0.48576  0.95510
    183   3.03203  5.01706  2.94612  2.87089  4.43624  3.43429  4.23822  4.23136  3.17775  3.84356  4.80657  0.69146  4.10732  3.52217  3.53450  3.09335  3.43097  3.81936  5.70432  4.36956    261 N - - -
          2.68618  4.42225  2.77519  2.73123  3.46354  2.40513  3.72494  3.29354  2.67741  2.69355  4.24690  2.90347  2.73739  3.18146  2.89801  2.37887  2.77519  2.98518  4.58477  3.61503
          0.02262  4.19621  4.91855  0.61958  0.77255  0.48576  0.95510
    184   0.63215  4.38795  3.82508  3.64661  4.40808  3.20116  4.62538  3.58477  3.67224  3.45015  4.45579  3.70354  3.97218  3.98495  3.89090  2.74043  3.04098  3.18080  5.80123  4.64302    262 A - - -
          2.68618  4.42225  2.77519  2.73123  3.46354  2.40513  3.72494  3.29354  2.67741  2.69355  4.24690  2.90347  2.73739  3.18146  2.89801  2.37887  2.77519  2.98518  4.58477  3.61503
          0.02262  4.19621  4.91855  0.61958  0.77255  0.48576  0.95510
    185   3.03203  5.01706  2.94612  2.87089  4.43624  3.43429  4.23822  4.23136  3.17775  3.84356  4.80657  0.69146  4.10732  3.52217  3.53450  3.09335  3.43097  3.81936  5.70432  4.36956    263 N - - -
          2.68618  4.42225  2.77519  2.73123  3.46354  2.40513  3.72494  3.29354  2.67741  2.69355  4.24690  2.90347  2.73739  3.18146  2.89801  2.37887  2.77519  2.98518  4.58477  3.61503
          0.02262  4.19621  4.91855  0.61958  0.77255  0.48576  0.95510
    186   0.63215  4.38795  3.82508  3.64661  4.40808  3.20116  4.62538  3.58477  3.67224  3.45015  4.45579  3.70354  3.97218  3.98495  3.89090  2.74043  3.04098  3.18080  5.80123  4.64302    264 A - - -
          2.68618  4.42225  2.77519  2.73123  3.46354  2.40513  3.72494  3.29354  2.67741  2.69355  4.24690  2.90347  2.73739  3.18146  2.89801  2.37887  2.77519  2.98518  4.58477  3.61503
          0.02262  4.19621  4.91855  0.61958  0.77255  0.48576  0.95510
    187   3.03203  5.01706  2.94612  2.87089  4.43624  3.43429  4.23822  4.23136  3.17775  3.84356  4.80657  0.69146  4.10732  3.52217  3.53450  3.09335  3.43097  3.81936  5.70432  4.36956    265 N - - -
          2.68618  4.42225  2.77519  2.73123  3.46354  2.40513  3.72494  3.29354  2.67741  2.69355  4.24690  2.90347  2.73739  3.18146  2.89801  2.37887  2.77519  2.98518  4.58477  3.61503
          0.02262  4.19621  4.91855  0.61958  0.77255  0.48576  0.95510
    188   0.63215  4.38795  3.82508  3.64661  4.40808  3.20116  4.62538  3.58477  3.67224  3.45015  4.45579  3.70354  3.97218  3.98495  3.89090  2.74043  3.04098  3.18080  5.80123  4.64302    266 A - - -
          2.68618  4.42225  2.77519  2.73123  3.46354  2.40513  3.72494  3.29354  2.67741  2.69355  4.24690  2.90347  2.73739  3.18146  2.89801  2.37887  2.77519  2.98518  4.58477  3.61503
          0.01528  4.18887        *  0.61958  0.77255  0.00000        *
//
